30.000 ,36.000 ,42.000 ,48.000 ,54.000, 60.000 , 2.800 , 2.800 , 3.100 , 2.900 , 2.800 , 2.800 , 31.848 , -3.925 
36.000 ,30.000 ,42.000 ,48.000 ,54.000, 60.000 , 0.100 , 6.100 , 2.900 , 3.100 , 2.900 , 2.800 , 31.683 , -1.119 
42.000 ,30.000 ,36.000 ,48.000 ,54.000, 60.000 , 0.700 , 3.300 , 2.700 , 2.900 , 3.100 , 2.900 , 32.441 , -3.023 
48.000 ,30.000 ,36.000 ,42.000 ,54.000, 60.000 , 0.800 , 3.100 , 2.900 , 2.400 , 2.900 , 2.800 , 33.105 , -4.381 
54.000 ,30.000 ,36.000 ,42.000 ,48.000, 60.000 , 0.600 , 3.000 , 3.000 , 2.600 , 2.300 , 2.500 , 33.482 , -5.783 
60.000 ,30.000 ,36.000 ,42.000 ,48.000, 54.000 , 0.200 , 3.000 , 3.000 , 2.600 , 2.500 , 2.300 , 33.682 , -6.257 
31.000 ,37.000 ,43.000 ,49.000 ,55.000, 61.000 , 2.500 , 2.800 , 3.100 , 2.900 , 2.800 , 2.800 , 32.173 , -4.172 
37.000 ,31.000 ,43.000 ,49.000 ,55.000, 61.000 , 0.200 , 5.700 , 2.900 , 3.100 , 2.900 , 2.900 , 32.119 , -1.570 
43.000 ,31.000 ,37.000 ,49.000 ,55.000, 61.000 , 0.700 , 3.400 , 2.600 , 2.900 , 3.000 , 2.900 , 32.754 , -3.517 
49.000 ,31.000 ,37.000 ,43.000 ,55.000, 61.000 , 0.700 , 3.100 , 2.900 , 2.400 , 2.800 , 2.700 , 33.272 , -4.629 
55.000 ,31.000 ,37.000 ,43.000 ,49.000, 61.000 , 0.600 , 3.100 , 2.900 , 2.600 , 2.300 , 2.400 , 33.562 , -6.270 
61.000 ,31.000 ,37.000 ,43.000 ,49.000, 55.000 , 0.200 , 3.000 , 3.000 , 2.600 , 2.500 , 2.300 , 33.715 , -6.418 
32.000 ,38.000 ,44.000 ,50.000 ,56.000, 62.000 , 2.100 , 2.800 , 3.100 , 2.900 , 2.800 , 2.800 , 32.457 , -4.406 
38.000 ,32.000 ,44.000 ,50.000 ,56.000, 62.000 , 0.200 , 5.400 , 2.900 , 3.100 , 2.900 , 2.900 , 32.479 , -2.001 
44.000 ,32.000 ,38.000 ,50.000 ,56.000, 62.000 , 0.600 , 3.400 , 2.600 , 2.900 , 3.000 , 2.800 , 33.000 , -3.986 
50.000 ,32.000 ,38.000 ,44.000 ,56.000, 62.000 , 0.700 , 3.200 , 2.800 , 2.400 , 2.800 , 2.600 , 33.399 , -4.882 
56.000 ,32.000 ,38.000 ,44.000 ,50.000, 62.000 , 0.500 , 3.100 , 2.900 , 2.600 , 2.300 , 2.300 , 33.622 , -6.747 
62.000 ,32.000 ,38.000 ,44.000 ,50.000, 56.000 , 0.100 , 3.100 , 2.900 , 2.600 , 2.500 , 2.300 , 33.734 , -6.569 
33.000 ,39.000 ,45.000 ,51.000 ,57.000, 63.000 , 1.800 , 2.800 , 3.100 , 2.900 , 2.800 , 2.800 , 32.703 , -4.628 
39.000 ,33.000 ,45.000 ,51.000 ,57.000, 63.000 , 0.200 , 5.100 , 2.900 , 3.100 , 2.900 , 2.800 , 32.772 , -2.411 
45.000 ,33.000 ,39.000 ,51.000 ,57.000, 63.000 , 0.600 , 3.400 , 2.600 , 2.900 , 3.000 , 2.700 , 33.191 , -4.431 
51.000 ,33.000 ,39.000 ,45.000 ,57.000, 63.000 , 0.600 , 3.200 , 2.800 , 2.400 , 2.700 , 2.400 , 33.496 , -5.143 
57.000 ,33.000 ,39.000 ,45.000 ,51.000, 63.000 , 0.400 , 3.100 , 2.900 , 2.600 , 2.300 , 2.300 , 33.665 , -7.211 
63.000 ,33.000 ,39.000 ,45.000 ,51.000, 57.000 , 0.000 , 3.100 , 2.900 , 2.600 , 2.500 , 2.300 , 33.742 , -6.707 
34.000 ,40.000 ,46.000 ,52.000 ,58.000, 64.000 , 1.600 , 2.800 , 3.100 , 2.900 , 2.800 , 2.900 , 32.914 , -4.838 
40.000 ,34.000 ,46.000 ,52.000 ,58.000, 64.000 , 0.300 , 4.800 , 2.900 , 3.100 , 2.900 , 2.700 , 33.007 , -2.800 
46.000 ,34.000 ,40.000 ,52.000 ,58.000, 64.000 , 0.600 , 3.400 , 2.600 , 2.900 , 2.900 , 2.500 , 33.338 , -4.737 
52.000 ,34.000 ,40.000 ,46.000 ,58.000, 64.000 , 0.600 , 3.200 , 2.800 , 2.400 , 2.700 , 2.300 , 33.569 , -5.406 
58.000 ,34.000 ,40.000 ,46.000 ,52.000, 64.000 , 0.400 , 3.100 , 2.900 , 2.600 , 2.300 , 2.200 , 33.695 , -7.657 
64.000 ,34.000 ,40.000 ,46.000 ,52.000, 58.000 , 0.000 , 3.100 , 2.900 , 2.600 , 2.500 , 2.300 , 33.741 , -6.830 
35.000 ,41.000 ,47.000 ,53.000 ,59.000, 65.000 , 1.300 , 2.900 , 3.100 , 2.900 , 2.900 , 2.800 , 33.093 , -5.036 
41.000 ,35.000 ,47.000 ,53.000 ,59.000, 65.000 , 0.300 , 4.600 , 2.900 , 3.000 , 3.000 , 2.600 , 33.192 , -3.167 
47.000 ,35.000 ,41.000 ,53.000 ,59.000, 65.000 , 0.600 , 3.400 , 2.600 , 2.800 , 2.900 , 2.400 , 33.449 , -4.882 
53.000 ,35.000 ,41.000 ,47.000 ,59.000, 65.000 , 0.500 , 3.200 , 2.800 , 2.400 , 2.700 , 2.200 , 33.622 , -5.678 
59.000 ,35.000 ,41.000 ,47.000 ,53.000, 65.000 , 0.300 , 3.100 , 2.900 , 2.600 , 2.300 , 2.100 , 33.712 , -7.993 
65.000 ,35.000 ,41.000 ,47.000 ,53.000, 59.000 , 0.100 , 3.200 , 2.800 , 2.600 , 2.500 , 2.300 , 33.733 , -6.931 
36.000 ,42.000 ,48.000 ,54.000 ,60.000, 66.000 , 1.100 , 2.900 , 3.100 , 2.900 , 2.900 , 2.700 , 33.242 , -5.224 
42.000 ,36.000 ,48.000 ,54.000 ,60.000, 66.000 , 0.300 , 4.400 , 2.900 , 3.000 , 3.000 , 2.400 , 33.337 , -3.512 
48.000 ,36.000 ,42.000 ,54.000 ,60.000, 66.000 , 0.600 , 3.400 , 2.600 , 2.800 , 2.800 , 2.200 , 33.532 , -5.036 
54.000 ,36.000 ,42.000 ,48.000 ,60.000, 66.000 , 0.500 , 3.200 , 2.800 , 2.400 , 2.600 , 2.000 , 33.660 , -5.953 
60.000 ,36.000 ,42.000 ,48.000 ,54.000, 66.000 , 0.300 , 3.200 , 2.800 , 2.500 , 2.300 , 2.000 , 33.720 , -7.877 
66.000 ,36.000 ,42.000 ,48.000 ,54.000, 60.000 , 0.100 , 3.200 , 2.800 , 2.600 , 2.400 , 2.300 , 33.720 , -7.014 
37.000 ,43.000 ,49.000 ,55.000 ,61.000, 67.000 , 0.900 , 2.900 , 3.100 , 2.900 , 2.900 , 2.500 , 33.365 , -5.401 
43.000 ,37.000 ,49.000 ,55.000 ,61.000, 67.000 , 0.300 , 4.200 , 2.900 , 3.000 , 2.900 , 2.300 , 33.448 , -3.834 
49.000 ,37.000 ,43.000 ,55.000 ,61.000, 67.000 , 0.500 , 3.400 , 2.600 , 2.800 , 2.800 , 2.100 , 33.593 , -5.201 
55.000 ,37.000 ,43.000 ,49.000 ,61.000, 67.000 , 0.500 , 3.200 , 2.800 , 2.400 , 2.600 , 1.900 , 33.686 , -6.232 
61.000 ,37.000 ,43.000 ,49.000 ,55.000, 67.000 , 0.200 , 3.200 , 2.800 , 2.500 , 2.300 , 2.000 , 33.721 , -7.775 
67.000 ,37.000 ,43.000 ,49.000 ,55.000, 61.000 , 0.100 , 3.300 , 2.700 , 2.500 , 2.400 , 2.300 , 33.703 , -7.070 
38.000 ,44.000 ,50.000 ,56.000 ,62.000, 68.000 , 0.800 , 2.900 , 3.100 , 2.900 , 2.900 , 2.400 , 33.465 , -5.567 
44.000 ,38.000 ,50.000 ,56.000 ,62.000, 68.000 , 0.300 , 4.000 , 2.900 , 3.000 , 2.900 , 2.100 , 33.532 , -4.135 
50.000 ,38.000 ,44.000 ,56.000 ,62.000, 68.000 , 0.500 , 3.500 , 2.500 , 2.800 , 2.700 , 1.900 , 33.638 , -5.377 
56.000 ,38.000 ,44.000 ,50.000 ,62.000, 68.000 , 0.400 , 3.300 , 2.700 , 2.400 , 2.500 , 1.800 , 33.702 , -6.515 
62.000 ,38.000 ,44.000 ,50.000 ,56.000, 68.000 , 0.200 , 3.200 , 2.800 , 2.500 , 2.300 , 1.900 , 33.715 , -7.688 
68.000 ,38.000 ,44.000 ,50.000 ,56.000, 62.000 , 0.100 , 3.300 , 2.700 , 2.500 , 2.400 , 2.300 , 33.684 , -7.102 
39.000 ,45.000 ,51.000 ,57.000 ,63.000, 69.000 , 0.600 , 2.900 , 3.000 , 3.000 , 2.900 , 2.200 , 33.545 , -5.721 
45.000 ,39.000 ,51.000 ,57.000 ,63.000, 69.000 , 0.300 , 3.800 , 2.800 , 2.900 , 2.800 , 2.000 , 33.595 , -4.415 
51.000 ,39.000 ,45.000 ,57.000 ,63.000, 69.000 , 0.500 , 3.500 , 2.500 , 2.700 , 2.700 , 1.700 , 33.670 , -5.563 
57.000 ,39.000 ,45.000 ,51.000 ,63.000, 69.000 , 0.400 , 3.300 , 2.700 , 2.400 , 2.500 , 1.600 , 33.710 , -6.796 
63.000 ,39.000 ,45.000 ,51.000 ,57.000, 69.000 , 0.100 , 3.300 , 2.700 , 2.500 , 2.300 , 1.900 , 33.704 , -7.620 
69.000 ,39.000 ,45.000 ,51.000 ,57.000, 63.000 , 0.100 , 2.400 , 2.500 , 2.500 , 2.400 , 2.300 , 33.666 , -7.112 
40.000 ,46.000 ,52.000 ,58.000 ,64.000, 70.000 , 0.500 , 2.800 , 3.000 , 3.000 , 2.900 , 2.100 , 33.608 , -5.863 
46.000 ,40.000 ,52.000 ,58.000 ,64.000, 70.000 , 0.300 , 3.700 , 2.800 , 2.900 , 2.700 , 1.700 , 33.641 , -4.676 
52.000 ,40.000 ,46.000 ,58.000 ,64.000, 70.000 , 0.400 , 3.500 , 2.500 , 2.700 , 2.600 , 1.500 , 33.691 , -5.759 
58.000 ,40.000 ,46.000 ,52.000 ,64.000, 70.000 , 0.300 , 3.300 , 2.700 , 2.400 , 2.500 , 1.500 , 33.712 , -7.077 
64.000 ,40.000 ,46.000 ,52.000 ,58.000, 70.000 , 0.100 , 3.300 , 2.700 , 2.500 , 2.300 , 1.800 , 33.690 , -7.572 
70.000 ,40.000 ,46.000 ,52.000 ,58.000, 64.000 , 0.100 , 1.200 , 2.300 , 2.400 , 2.400 , 2.300 , 33.648 , -7.103 
41.000 ,47.000 ,53.000 ,59.000 ,65.000, 71.000 , 0.400 , 2.800 , 3.000 , 3.000 , 2.800 , 1.900 , 33.656 , -5.971 
47.000 ,41.000 ,53.000 ,59.000 ,65.000, 71.000 , 0.300 , 3.600 , 2.800 , 2.900 , 2.700 , 1.500 , 33.675 , -4.919 
53.000 ,41.000 ,47.000 ,59.000 ,65.000, 71.000 , 0.400 , 3.500 , 2.500 , 2.700 , 2.500 , 1.200 , 33.705 , -5.967 
59.000 ,41.000 ,47.000 ,53.000 ,65.000, 71.000 , 0.300 , 3.300 , 2.700 , 2.400 , 2.400 , 1.300 , 33.709 , -7.349 
65.000 ,41.000 ,47.000 ,53.000 ,59.000, 71.000 , 0.100 , 3.300 , 2.700 , 2.500 , 2.300 , 1.800 , 33.673 , -7.545 
71.000 ,41.000 ,47.000 ,53.000 ,59.000, 65.000 , 0.100 , 0.300 , 1.900 , 2.300 , 2.300 , 2.300 , 33.632 , -7.077 
42.000 ,48.000 ,54.000 ,60.000 ,66.000, 72.000 , 0.300 , 2.800 , 3.000 , 3.000 , 2.700 , 1.700 , 33.692 , -5.920 
48.000 ,42.000 ,54.000 ,60.000 ,66.000, 72.000 , 0.300 , 3.400 , 2.800 , 2.800 , 2.600 , 1.200 , 33.698 , -5.145 
54.000 ,42.000 ,48.000 ,60.000 ,66.000, 72.000 , 0.400 , 3.500 , 2.500 , 2.600 , 2.400 , 0.900 , 33.713 , -6.183 
60.000 ,42.000 ,48.000 ,54.000 ,66.000, 72.000 , 0.200 , 3.400 , 2.600 , 2.400 , 2.400 , 1.200 , 33.702 , -7.601 
66.000 ,42.000 ,48.000 ,54.000 ,60.000, 72.000 , 0.000 , 3.200 , 2.600 , 2.500 , 2.300 , 1.800 , 33.655 , -7.540 
72.000 ,42.000 ,48.000 ,54.000 ,60.000, 66.000 , 0.100 , 1.500 , 1.100 , 2.100 , 2.300 , 2.200 , 33.619 , -7.038 
43.000 ,49.000 ,55.000 ,61.000 ,67.000, 73.000 , 0.200 , 2.800 , 3.000 , 2.900 , 2.700 , 1.400 , 33.718 , -5.887 
49.000 ,43.000 ,55.000 ,61.000 ,67.000, 73.000 , 0.300 , 3.300 , 2.800 , 2.800 , 2.500 , 0.900 , 33.714 , -5.358 
55.000 ,43.000 ,49.000 ,61.000 ,67.000, 73.000 , 0.300 , 3.500 , 2.500 , 2.600 , 2.400 , 0.600 , 33.716 , -6.405 
61.000 ,43.000 ,49.000 ,55.000 ,67.000, 73.000 , 0.200 , 3.400 , 2.600 , 2.400 , 2.300 , 1.100 , 33.692 , -7.558 
67.000 ,43.000 ,49.000 ,55.000 ,61.000, 73.000 , 0.000 , 2.700 , 2.500 , 2.400 , 2.300 , 1.700 , 33.637 , -7.559 
73.000 ,43.000 ,49.000 ,55.000 ,61.000, 67.000 , 0.100 , 2.200 , 3.800 , 1.800 , 2.200 , 2.200 , 33.609 , -6.993 
44.000 ,50.000 ,56.000 ,62.000 ,68.000, 74.000 , 0.100 , 2.800 , 3.000 , 2.900 , 2.600 , 1.100 , 33.737 , -5.871 
50.000 ,44.000 ,56.000 ,62.000 ,68.000, 74.000 , 0.300 , 3.200 , 2.700 , 2.700 , 2.300 , 0.400 , 33.724 , -5.560 
56.000 ,44.000 ,50.000 ,62.000 ,68.000, 74.000 , 0.300 , 3.500 , 2.500 , 2.600 , 2.200 , 0.300 , 33.715 , -6.635 
62.000 ,44.000 ,50.000 ,56.000 ,68.000, 74.000 , 0.200 , 3.400 , 2.600 , 2.400 , 2.300 , 0.900 , 33.680 , -7.528 
68.000 ,44.000 ,50.000 ,56.000 ,62.000, 74.000 , 0.000 , 2.200 , 2.500 , 2.400 , 2.300 , 1.700 , 33.618 , -7.602 
74.000 ,44.000 ,50.000 ,56.000 ,62.000, 68.000 , 0.100 , 2.600 , 1.400 , 1.300 , 2.100 , 2.200 , 33.601 , -6.945 
45.000 ,51.000 ,57.000 ,63.000 ,69.000, 75.000 , 0.100 , 2.800 , 2.900 , 2.800 , 2.400 , 0.600 , 33.749 , -5.873 
51.000 ,45.000 ,57.000 ,63.000 ,69.000, 75.000 , 0.300 , 3.100 , 2.700 , 2.700 , 2.200 , 0.000 , 33.730 , -5.753 
57.000 ,45.000 ,51.000 ,63.000 ,69.000, 75.000 , 0.300 , 3.400 , 2.500 , 2.500 , 2.100 , 0.000 , 33.711 , -6.868 
63.000 ,45.000 ,51.000 ,57.000 ,69.000, 75.000 , 0.100 , 3.200 , 2.600 , 2.400 , 2.200 , 0.800 , 33.665 , -7.511 
69.000 ,45.000 ,51.000 ,57.000 ,63.000, 75.000 , 0.000 , 1.600 , 2.400 , 2.400 , 2.300 , 1.700 , 33.600 , -7.669 
75.000 ,45.000 ,51.000 ,57.000 ,63.000, 69.000 , 0.100 , 2.700 , 2.100 , 0.500 , 1.900 , 2.100 , 33.596 , -6.899 
46.000 ,52.000 ,58.000 ,64.000 ,70.000, 76.000 , 0.000 , 2.800 , 2.900 , 2.800 , 2.300 , 3.700 , 33.757 , -5.892 
52.000 ,46.000 ,58.000 ,64.000 ,70.000, 76.000 , 0.300 , 3.000 , 2.700 , 2.600 , 2.000 , 0.500 , 33.732 , -5.939 
58.000 ,46.000 ,52.000 ,64.000 ,70.000, 76.000 , 0.300 , 3.200 , 2.400 , 2.500 , 2.000 , 0.300 , 33.705 , -7.103 
64.000 ,46.000 ,52.000 ,58.000 ,70.000, 76.000 , 0.100 , 2.900 , 2.500 , 2.300 , 2.200 , 0.700 , 33.650 , -7.508 
70.000 ,46.000 ,52.000 ,58.000 ,64.000, 76.000 , 0.000 , 0.800 , 2.200 , 2.300 , 2.300 , 1.700 , 33.583 , -7.759 
76.000 ,46.000 ,52.000 ,58.000 ,64.000, 70.000 , 0.100 , 2.800 , 2.500 , 0.300 , 1.700 , 2.100 , 33.593 , -6.857 
47.000 ,53.000 ,59.000 ,65.000 ,71.000, 77.000 , 0.000 , 2.800 , 2.900 , 2.700 , 2.000 , 0.400 , 33.760 , -5.927 
53.000 ,47.000 ,59.000 ,65.000 ,71.000, 77.000 , 0.300 , 2.900 , 2.700 , 2.600 , 1.700 , 0.900 , 33.731 , -6.120 
59.000 ,47.000 ,53.000 ,65.000 ,71.000, 77.000 , 0.200 , 3.100 , 2.400 , 2.400 , 1.900 , 0.600 , 33.697 , -7.339 
65.000 ,47.000 ,53.000 ,59.000 ,71.000, 77.000 , 0.100 , 2.700 , 2.500 , 2.300 , 2.200 , 0.600 , 33.634 , -7.520 
71.000 ,47.000 ,53.000 ,59.000 ,65.000, 77.000 , 0.000 , 0.000 , 2.000 , 2.300 , 2.200 , 1.700 , 33.567 , -7.872 
77.000 ,47.000 ,53.000 ,59.000 ,65.000, 71.000 , 0.000 , 2.900 , 2.700 , 1.100 , 1.400 , 2.000 , 33.592 , -6.821 
48.000 ,54.000 ,60.000 ,66.000 ,72.000, 78.000 , 0.100 , 2.800 , 2.800 , 2.600 , 1.700 , 0.900 , 33.761 , -5.978 
54.000 ,48.000 ,60.000 ,66.000 ,72.000, 78.000 , 0.300 , 2.900 , 2.600 , 2.500 , 1.400 , 1.300 , 33.728 , -6.298 
60.000 ,48.000 ,54.000 ,66.000 ,72.000, 78.000 , 0.200 , 2.900 , 2.400 , 2.400 , 1.700 , 0.900 , 33.687 , -7.358 
66.000 ,48.000 ,54.000 ,60.000 ,72.000, 78.000 , 0.100 , 2.400 , 2.500 , 2.300 , 2.200 , 0.500 , 33.617 , -7.547 
72.000 ,48.000 ,54.000 ,60.000 ,66.000, 78.000 , 0.000 , 0.800 , 1.700 , 2.200 , 2.200 , 1.600 , 33.554 , -8.002 
78.000 ,48.000 ,54.000 ,60.000 ,66.000, 72.000 , 0.000 , 3.000 , 2.800 , 1.600 , 1.100 , 2.000 , 33.592 , -6.789 
49.000 ,55.000 ,61.000 ,67.000 ,73.000, 79.000 , 0.100 , 2.700 , 2.800 , 2.500 , 1.300 , 1.400 , 33.760 , -6.043 
55.000 ,49.000 ,61.000 ,67.000 ,73.000, 79.000 , 0.300 , 2.800 , 2.600 , 2.400 , 1.000 , 1.700 , 33.724 , -6.473 
61.000 ,49.000 ,55.000 ,67.000 ,73.000, 79.000 , 0.200 , 2.800 , 2.400 , 2.400 , 1.500 , 1.100 , 33.676 , -7.385 
67.000 ,49.000 ,55.000 ,61.000 ,73.000, 79.000 , 0.100 , 2.200 , 2.400 , 2.300 , 2.100 , 0.400 , 33.600 , -7.591 
73.000 ,49.000 ,55.000 ,61.000 ,67.000, 79.000 , 0.100 , 1.400 , 1.200 , 2.100 , 2.200 , 1.600 , 33.541 , -8.151 
79.000 ,49.000 ,55.000 ,61.000 ,67.000, 73.000 , 0.000 , 3.000 , 2.900 , 2.000 , 0.800 , 1.900 , 33.593 , -6.765 
50.000 ,56.000 ,62.000 ,68.000 ,74.000, 80.000 , 0.100 , 2.700 , 2.700 , 2.400 , 0.800 , 1.800 , 33.756 , -6.120 
56.000 ,50.000 ,62.000 ,68.000 ,74.000, 80.000 , 0.200 , 2.700 , 2.600 , 2.300 , 0.600 , 1.900 , 33.718 , -6.647 
62.000 ,50.000 ,56.000 ,68.000 ,74.000, 80.000 , 0.100 , 2.700 , 2.400 , 2.300 , 1.400 , 1.300 , 33.664 , -7.422 
68.000 ,50.000 ,56.000 ,62.000 ,74.000, 80.000 , 0.100 , 1.900 , 2.400 , 2.300 , 2.100 , 0.300 , 33.584 , -7.649 
74.000 ,50.000 ,56.000 ,62.000 ,68.000, 80.000 , 0.100 , 1.900 , 0.700 , 2.000 , 2.200 , 1.600 , 33.531 , -8.317 
80.000 ,50.000 ,56.000 ,62.000 ,68.000, 74.000 , 0.000 , 3.100 , 2.900 , 2.200 , 0.500 , 1.900 , 33.595 , -6.749 
51.000 ,57.000 ,63.000 ,69.000 ,75.000, 81.000 , 0.100 , 2.700 , 2.700 , 2.200 , 0.200 , 2.100 , 33.752 , -6.210 
57.000 ,51.000 ,63.000 ,69.000 ,75.000, 81.000 , 0.200 , 2.600 , 2.500 , 2.200 , 0.200 , 2.100 , 33.711 , -6.822 
63.000 ,51.000 ,57.000 ,69.000 ,75.000, 81.000 , 0.100 , 2.500 , 2.400 , 2.300 , 1.200 , 1.500 , 33.652 , -7.468 
69.000 ,51.000 ,57.000 ,63.000 ,75.000, 81.000 , 0.000 , 1.600 , 2.300 , 2.300 , 2.100 , 0.200 , 33.569 , -7.723 
75.000 ,51.000 ,57.000 ,63.000 ,69.000, 81.000 , 0.100 , 2.200 , 0.100 , 1.900 , 2.100 , 1.600 , 33.522 , -8.495 
81.000 ,51.000 ,57.000 ,63.000 ,69.000, 75.000 , 0.000 , 3.100 , 2.900 , 2.400 , 0.200 , 1.800 , 33.597 , -6.739 
52.000 ,58.000 ,64.000 ,70.000 ,76.000, 82.000 , 0.200 , 2.700 , 2.600 , 2.000 , 0.400 , 2.300 , 33.746 , -6.313 
58.000 ,52.000 ,64.000 ,70.000 ,76.000, 82.000 , 0.200 , 2.500 , 2.500 , 2.000 , 0.200 , 2.300 , 33.703 , -6.998 
64.000 ,52.000 ,58.000 ,70.000 ,76.000, 82.000 , 0.100 , 2.400 , 2.300 , 2.300 , 1.100 , 1.700 , 33.639 , -7.523 
70.000 ,52.000 ,58.000 ,64.000 ,76.000, 82.000 , 0.000 , 1.200 , 2.200 , 2.300 , 2.000 , 4.000 , 33.554 , -7.812 
76.000 ,52.000 ,58.000 ,64.000 ,70.000, 82.000 , 0.100 , 2.500 , 0.500 , 1.700 , 2.100 , 1.600 , 33.515 , -8.682 
82.000 ,52.000 ,58.000 ,64.000 ,70.000, 76.000 , 0.000 , 3.100 , 2.900 , 2.500 , 3.500 , 1.700 , 33.599 , -6.734 
53.000 ,59.000 ,65.000 ,71.000 ,77.000, 83.000 , 0.200 , 2.600 , 2.600 , 1.700 , 0.900 , 2.500 , 33.740 , -6.427 
59.000 ,53.000 ,65.000 ,71.000 ,77.000, 83.000 , 0.200 , 2.500 , 2.400 , 1.900 , 0.500 , 2.400 , 33.694 , -7.174 
65.000 ,53.000 ,59.000 ,71.000 ,77.000, 83.000 , 0.100 , 2.300 , 2.300 , 2.200 , 0.900 , 1.800 , 33.625 , -7.587 
71.000 ,53.000 ,59.000 ,65.000 ,77.000, 83.000 , 0.000 , 0.800 , 2.200 , 2.200 , 2.000 , 4.000 , 33.540 , -7.912 
77.000 ,53.000 ,59.000 ,65.000 ,71.000, 83.000 , 0.100 , 2.600 , 1.000 , 1.500 , 2.100 , 1.600 , 33.509 , -8.879 
83.000 ,53.000 ,59.000 ,65.000 ,71.000, 77.000 , 0.000 , 3.200 , 2.800 , 2.500 , 0.300 , 1.700 , 33.601 , -6.731 
54.000 ,60.000 ,66.000 ,72.000 ,78.000, 84.000 , 0.200 , 2.600 , 2.500 , 1.400 , 1.300 , 2.600 , 33.733 , -6.549 
60.000 ,54.000 ,66.000 ,72.000 ,78.000, 84.000 , 0.200 , 2.400 , 2.400 , 1.700 , 0.900 , 2.500 , 33.685 , -7.350 
66.000 ,54.000 ,60.000 ,72.000 ,78.000, 84.000 , 0.100 , 2.100 , 2.300 , 2.200 , 0.800 , 1.900 , 33.612 , -7.661 
72.000 ,54.000 ,60.000 ,66.000 ,78.000, 84.000 , 0.000 , 0.500 , 2.100 , 2.200 , 2.000 , 4.000 , 33.527 , -8.025 
78.000 ,54.000 ,60.000 ,66.000 ,72.000, 84.000 , 0.100 , 2.700 , 1.400 , 1.300 , 2.000 , 1.500 , 33.504 , -9.078 
84.000 ,54.000 ,60.000 ,66.000 ,72.000, 78.000 , 0.000 , 3.100 , 2.800 , 2.600 , 0.500 , 1.600 , 33.603 , -6.731 
55.000 ,61.000 ,67.000 ,73.000 ,79.000, 85.000 , 0.200 , 2.600 , 2.400 , 1.000 , 1.700 , 2.600 , 33.726 , -6.683 
61.000 ,55.000 ,67.000 ,73.000 ,79.000, 85.000 , 0.200 , 2.300 , 2.400 , 1.600 , 1.100 , 2.600 , 33.676 , -7.530 
67.000 ,55.000 ,61.000 ,73.000 ,79.000, 85.000 , 0.100 , 2.000 , 2.300 , 2.100 , 0.600 , 2.000 , 33.599 , -7.745 
73.000 ,55.000 ,61.000 ,67.000 ,79.000, 85.000 , 0.000 , 0.100 , 2.000 , 2.200 , 2.000 , 0.000 , 33.515 , -8.149 
79.000 ,55.000 ,61.000 ,67.000 ,73.000, 85.000 , 0.100 , 2.800 , 1.700 , 1.000 , 2.000 , 1.500 , 33.500 , -9.279 
85.000 ,55.000 ,61.000 ,67.000 ,73.000, 79.000 , 0.000 , 2.900 , 2.800 , 2.600 , 0.600 , 1.600 , 33.603 , -6.735 
56.000 ,62.000 ,68.000 ,74.000 ,80.000, 86.000 , 0.200 , 2.600 , 2.300 , 0.600 , 1.900 , 2.500 , 33.718 , -6.808 
62.000 ,56.000 ,68.000 ,74.000 ,80.000, 86.000 , 0.200 , 2.300 , 2.300 , 1.400 , 1.300 , 2.600 , 33.666 , -7.709 
68.000 ,56.000 ,62.000 ,74.000 ,80.000, 86.000 , 0.100 , 1.900 , 2.200 , 2.100 , 0.500 , 2.100 , 33.586 , -7.839 
74.000 ,56.000 ,62.000 ,68.000 ,80.000, 86.000 , 0.100 , 0.300 , 1.800 , 2.200 , 2.000 , 0.100 , 33.505 , -8.285 
80.000 ,56.000 ,62.000 ,68.000 ,74.000, 86.000 , 0.100 , 2.900 , 2.000 , 0.800 , 1.900 , 1.500 , 33.497 , -9.478 
86.000 ,56.000 ,62.000 ,68.000 ,74.000, 80.000 , 0.000 , 2.800 , 2.800 , 2.700 , 0.700 , 1.600 , 33.604 , -6.739 
57.000 ,63.000 ,69.000 ,75.000 ,81.000, 87.000 , 0.200 , 2.500 , 2.200 , 0.200 , 2.100 , 2.400 , 33.711 , -6.820 
63.000 ,57.000 ,69.000 ,75.000 ,81.000, 87.000 , 0.100 , 2.200 , 2.300 , 1.200 , 1.500 , 2.600 , 33.656 , -7.889 
69.000 ,57.000 ,63.000 ,75.000 ,81.000, 87.000 , 0.100 , 1.700 , 2.200 , 2.100 , 0.400 , 2.100 , 33.574 , -7.938 
75.000 ,57.000 ,63.000 ,69.000 ,81.000, 87.000 , 0.100 , 0.700 , 1.700 , 2.100 , 1.900 , 0.200 , 33.496 , -8.427 
81.000 ,57.000 ,63.000 ,69.000 ,75.000, 87.000 , 0.100 , 2.900 , 2.100 , 0.500 , 1.900 , 1.500 , 33.494 , -9.672 
87.000 ,57.000 ,63.000 ,69.000 ,75.000, 81.000 , 0.000 , 2.600 , 2.700 , 2.700 , 0.800 , 1.500 , 33.604 , -6.745 
58.000 ,64.000 ,70.000 ,76.000 ,82.000, 88.000 , 0.200 , 2.500 , 2.000 , 0.200 , 2.300 , 2.300 , 33.703 , -6.829 
64.000 ,58.000 ,70.000 ,76.000 ,82.000, 88.000 , 0.100 , 2.200 , 2.200 , 1.000 , 1.700 , 2.500 , 33.646 , -8.073 
70.000 ,58.000 ,64.000 ,76.000 ,82.000, 88.000 , 0.000 , 1.600 , 2.200 , 2.000 , 0.300 , 2.200 , 33.562 , -8.046 
76.000 ,58.000 ,64.000 ,70.000 ,82.000, 88.000 , 0.100 , 1.000 , 1.500 , 2.100 , 1.900 , 0.200 , 33.487 , -8.576 
82.000 ,58.000 ,64.000 ,70.000 ,76.000, 88.000 , 0.100 , 2.900 , 2.300 , 0.300 , 1.800 , 1.500 , 33.493 , -9.861 
88.000 ,58.000 ,64.000 ,70.000 ,76.000, 82.000 , 0.000 , 2.500 , 2.700 , 2.700 , 0.900 , 1.500 , 33.604 , -6.751 
59.000 ,65.000 ,71.000 ,77.000 ,83.000, 89.000 , 0.200 , 2.500 , 1.900 , 0.500 , 2.400 , 2.200 , 33.695 , -6.837 
65.000 ,59.000 ,71.000 ,77.000 ,83.000, 89.000 , 0.100 , 2.100 , 2.200 , 0.900 , 1.800 , 2.500 , 33.636 , -8.254 
71.000 ,59.000 ,65.000 ,77.000 ,83.000, 89.000 , 0.000 , 1.400 , 2.200 , 2.000 , 3.800 , 2.200 , 33.550 , -8.163 
77.000 ,59.000 ,65.000 ,71.000 ,83.000, 89.000 , 0.100 , 1.300 , 1.400 , 2.100 , 1.900 , 0.300 , 33.480 , -8.732 
83.000 ,59.000 ,65.000 ,71.000 ,77.000, 89.000 , 0.100 , 3.000 , 2.400 , 0.100 , 1.800 , 1.500 , 33.491 , -9.871 
89.000 ,59.000 ,65.000 ,71.000 ,77.000, 83.000 , 0.000 , 2.400 , 2.700 , 2.700 , 0.900 , 1.500 , 33.604 , -6.756 
60.000 ,66.000 ,72.000 ,78.000 ,84.000, 90.000 , 0.200 , 2.400 , 1.700 , 0.800 , 2.500 , 2.100 , 33.688 , -6.843 
66.000 ,60.000 ,72.000 ,78.000 ,84.000, 90.000 , 0.100 , 2.000 , 2.200 , 0.700 , 1.900 , 2.400 , 33.626 , -8.439 
72.000 ,60.000 ,66.000 ,78.000 ,84.000, 90.000 , 0.000 , 1.300 , 2.100 , 2.000 , 3.700 , 2.300 , 33.539 , -8.285 
78.000 ,60.000 ,66.000 ,72.000 ,84.000, 90.000 , 0.100 , 1.500 , 1.200 , 2.000 , 1.900 , 0.300 , 33.474 , -8.889 
84.000 ,60.000 ,66.000 ,72.000 ,78.000, 90.000 , 0.100 , 3.000 , 2.400 , 3.600 , 1.800 , 1.500 , 33.491 , -9.860 
90.000 ,60.000 ,66.000 ,72.000 ,78.000, 84.000 , 0.000 , 2.200 , 2.700 , 2.700 , 1.000 , 1.500 , 33.603 , -6.762 
61.000 ,67.000 ,73.000 ,79.000 ,85.000, 91.000 , 0.300 , 2.400 , 1.600 , 1.100 , 2.500 , 2.000 , 33.680 , -6.846 
67.000 ,61.000 ,73.000 ,79.000 ,85.000, 91.000 , 0.100 , 2.000 , 2.100 , 0.500 , 2.000 , 2.400 , 33.616 , -8.622 
73.000 ,61.000 ,67.000 ,79.000 ,85.000, 91.000 , 0.000 , 1.100 , 2.100 , 2.000 , 0.000 , 2.300 , 33.529 , -8.412 
79.000 ,61.000 ,67.000 ,73.000 ,85.000, 91.000 , 0.100 , 1.700 , 1.000 , 2.000 , 1.900 , 0.300 , 33.468 , -9.049 
85.000 ,61.000 ,67.000 ,73.000 ,79.000, 91.000 , 0.100 , 2.900 , 2.500 , 0.200 , 1.700 , 1.500 , 33.490 , -9.852 
91.000 ,61.000 ,67.000 ,73.000 ,79.000, 85.000 , 0.000 , 2.100 , 2.600 , 2.800 , 1.000 , 1.500 , 33.603 , -6.767 
62.000 ,68.000 ,74.000 ,80.000 ,86.000, 92.000 , 0.300 , 2.300 , 1.400 , 1.300 , 2.600 , 1.900 , 33.673 , -6.848 
68.000 ,62.000 ,74.000 ,80.000 ,86.000, 92.000 , 0.100 , 1.900 , 2.100 , 0.400 , 2.100 , 2.300 , 33.606 , -8.807 
74.000 ,62.000 ,68.000 ,80.000 ,86.000, 92.000 , 0.000 , 1.000 , 2.100 , 1.900 , 0.100 , 2.300 , 33.520 , -8.545 
80.000 ,62.000 ,68.000 ,74.000 ,86.000, 92.000 , 0.100 , 1.900 , 0.800 , 2.000 , 1.900 , 0.400 , 33.463 , -9.211 
86.000 ,62.000 ,68.000 ,74.000 ,80.000, 92.000 , 0.100 , 2.800 , 2.600 , 0.300 , 1.700 , 1.400 , 33.490 , -9.847 
92.000 ,62.000 ,68.000 ,74.000 ,80.000, 86.000 , 0.000 , 2.000 , 2.600 , 2.800 , 1.000 , 1.500 , 33.602 , -6.772 
63.000 ,69.000 ,75.000 ,81.000 ,87.000, 93.000 , 0.300 , 2.300 , 1.200 , 1.500 , 2.700 , 1.800 , 33.666 , -6.849 
69.000 ,63.000 ,75.000 ,81.000 ,87.000, 93.000 , 0.100 , 1.900 , 2.100 , 0.300 , 2.200 , 2.300 , 33.597 , -8.990 
75.000 ,63.000 ,69.000 ,81.000 ,87.000, 93.000 , 0.000 , 0.900 , 2.000 , 1.900 , 0.100 , 2.400 , 33.511 , -8.683 
81.000 ,63.000 ,69.000 ,75.000 ,87.000, 93.000 , 0.100 , 2.000 , 0.600 , 1.900 , 1.800 , 0.400 , 33.460 , -9.369 
87.000 ,63.000 ,69.000 ,75.000 ,81.000, 93.000 , 0.100 , 2.800 , 2.600 , 0.400 , 1.700 , 1.400 , 33.490 , -9.845 
93.000 ,63.000 ,69.000 ,75.000 ,81.000, 87.000 , 0.000 , 1.900 , 2.600 , 2.800 , 1.000 , 1.400 , 33.601 , -6.776 
64.000 ,70.000 ,76.000 ,82.000 ,88.000, 94.000 , 0.300 , 2.300 , 1.100 , 1.700 , 2.700 , 1.800 , 33.660 , -6.850 
70.000 ,64.000 ,76.000 ,82.000 ,88.000, 94.000 , 0.100 , 1.800 , 2.000 , 3.800 , 2.200 , 2.300 , 33.588 , -9.175 
76.000 ,64.000 ,70.000 ,82.000 ,88.000, 94.000 , 0.000 , 0.700 , 2.000 , 1.900 , 0.200 , 2.400 , 33.503 , -8.820 
82.000 ,64.000 ,70.000 ,76.000 ,88.000, 94.000 , 0.100 , 2.200 , 0.400 , 1.900 , 1.800 , 0.400 , 33.456 , -9.524 
88.000 ,64.000 ,70.000 ,76.000 ,82.000, 94.000 , 0.100 , 2.700 , 2.600 , 0.500 , 1.600 , 1.400 , 33.490 , -9.846 
94.000 ,64.000 ,70.000 ,76.000 ,82.000, 88.000 , 0.000 , 1.700 , 2.500 , 2.800 , 1.000 , 1.400 , 33.601 , -6.779 
65.000 ,71.000 ,77.000 ,83.000 ,89.000, 95.000 , 0.300 , 2.200 , 0.900 , 1.800 , 2.700 , 1.700 , 33.654 , -6.847 
71.000 ,65.000 ,77.000 ,83.000 ,89.000, 95.000 , 0.100 , 1.800 , 2.000 , 3.700 , 2.300 , 2.300 , 33.579 , -9.357 
77.000 ,65.000 ,71.000 ,83.000 ,89.000, 95.000 , 0.000 , 0.600 , 2.000 , 1.900 , 0.300 , 2.400 , 33.495 , -8.961 
83.000 ,65.000 ,71.000 ,77.000 ,89.000, 95.000 , 0.100 , 2.200 , 0.300 , 1.900 , 1.800 , 0.400 , 33.454 , -9.676 
89.000 ,65.000 ,71.000 ,77.000 ,83.000, 95.000 , 0.100 , 2.600 , 2.600 , 0.600 , 1.600 , 1.500 , 33.491 , -9.849 
95.000 ,65.000 ,71.000 ,77.000 ,83.000, 89.000 , 0.000 , 1.600 , 2.500 , 2.800 , 1.000 , 1.400 , 33.601 , -6.781 
66.000 ,72.000 ,78.000 ,84.000 ,90.000, 96.000 , 0.200 , 2.200 , 0.700 , 1.900 , 2.800 , 1.600 , 33.648 , -6.844 
72.000 ,66.000 ,78.000 ,84.000 ,90.000, 96.000 , 0.100 , 1.700 , 2.000 , 0.100 , 2.300 , 2.200 , 33.570 , -9.540 
78.000 ,66.000 ,72.000 ,84.000 ,90.000, 96.000 , 0.000 , 0.400 , 1.900 , 1.900 , 0.300 , 2.400 , 33.488 , -9.104 
84.000 ,66.000 ,72.000 ,78.000 ,90.000, 96.000 , 0.100 , 2.300 , 0.100 , 1.800 , 1.800 , 0.400 , 33.452 , -9.819 
90.000 ,66.000 ,72.000 ,78.000 ,84.000, 96.000 , 0.100 , 2.500 , 2.700 , 0.700 , 1.600 , 1.500 , 33.492 , -9.855 
96.000 ,66.000 ,72.000 ,78.000 ,84.000, 90.000 , 0.000 , 1.500 , 2.500 , 2.800 , 1.000 , 1.500 , 33.601 , -6.784 
67.000 ,73.000 ,79.000 ,85.000 ,91.000, 97.000 , 0.200 , 2.100 , 0.500 , 2.000 , 2.700 , 1.500 , 33.643 , -6.842 
73.000 ,67.000 ,79.000 ,85.000 ,91.000, 97.000 , 0.100 , 1.700 , 1.900 , 0.200 , 2.300 , 2.200 , 33.562 , -9.717 
79.000 ,67.000 ,73.000 ,85.000 ,91.000, 97.000 , 0.100 , 0.300 , 1.900 , 1.900 , 0.300 , 2.400 , 33.482 , -9.243 
85.000 ,67.000 ,73.000 ,79.000 ,91.000, 97.000 , 0.100 , 2.400 , 0.000 , 1.800 , 1.800 , 0.500 , 33.450 , -9.955 
91.000 ,67.000 ,73.000 ,79.000 ,85.000, 97.000 , 0.100 , 2.400 , 2.700 , 0.700 , 1.600 , 1.500 , 33.493 , -9.861 
97.000 ,67.000 ,73.000 ,79.000 ,85.000, 91.000 , 0.000 , 1.400 , 2.500 , 2.800 , 1.000 , 1.500 , 33.601 , -6.787 
68.000 ,74.000 ,80.000 ,86.000 ,92.000, 98.000 , 0.200 , 2.100 , 0.400 , 2.100 , 2.700 , 1.500 , 33.638 , -6.838 
74.000 ,68.000 ,80.000 ,86.000 ,92.000, 98.000 , 0.100 , 1.700 , 1.900 , 0.200 , 2.400 , 2.200 , 33.555 , -9.897 
80.000 ,68.000 ,74.000 ,86.000 ,92.000, 98.000 , 0.100 , 0.200 , 1.900 , 1.800 , 0.400 , 2.400 , 33.477 , -9.381 
86.000 ,68.000 ,74.000 ,80.000 ,92.000, 98.000 , 0.100 , 2.400 , 3.600 , 1.800 , 1.800 , 0.400 , 33.449 , -10.083 
92.000 ,68.000 ,74.000 ,80.000 ,86.000, 98.000 , 0.100 , 2.400 , 2.700 , 0.700 , 1.600 , 1.500 , 33.494 , -9.868 
98.000 ,68.000 ,74.000 ,80.000 ,86.000, 92.000 , 0.000 , 1.300 , 2.500 , 2.700 , 1.000 , 1.500 , 33.602 , -6.790 
69.000 ,75.000 ,81.000 ,87.000 ,93.000, 99.000 , 0.200 , 2.100 , 0.200 , 2.200 , 2.700 , 1.400 , 33.633 , -6.834 
75.000 ,69.000 ,81.000 ,87.000 ,93.000, 99.000 , 0.100 , 1.600 , 1.900 , 0.300 , 2.400 , 2.200 , 33.548 , -9.943 
81.000 ,69.000 ,75.000 ,87.000 ,93.000, 99.000 , 0.100 , 0.100 , 1.900 , 1.800 , 0.400 , 2.500 , 33.472 , -9.519 
87.000 ,69.000 ,75.000 ,81.000 ,93.000, 99.000 , 0.100 , 2.500 , 0.200 , 1.700 , 1.800 , 0.400 , 33.448 , -10.199 
93.000 ,69.000 ,75.000 ,81.000 ,87.000, 99.000 , 0.100 , 2.300 , 2.700 , 0.800 , 1.600 , 1.500 , 33.496 , -9.877 
99.000 ,69.000 ,75.000 ,81.000 ,87.000, 93.000 , 0.000 , 1.300 , 2.400 , 2.700 , 0.900 , 1.500 , 33.602 , -6.791 
70.000 ,76.000 ,82.000 ,88.000 ,94.000, 100.000 , 0.200 , 2.000 , 3.800 , 2.200 , 2.700 , 1.300 , 33.629 , -6.831 
76.000 ,70.000 ,82.000 ,88.000 ,94.000, 100.000 , 0.100 , 1.600 , 1.800 , 0.400 , 2.400 , 2.200 , 33.541 , -9.947 
82.000 ,70.000 ,76.000 ,88.000 ,94.000, 100.000 , 0.100 , 4.200 , 1.800 , 1.800 , 0.400 , 2.500 , 33.467 , -9.649 
88.000 ,70.000 ,76.000 ,82.000 ,94.000, 100.000 , 0.100 , 2.500 , 0.300 , 1.700 , 1.800 , 0.400 , 33.448 , -10.253 
94.000 ,70.000 ,76.000 ,82.000 ,88.000, 100.000 , 0.100 , 2.300 , 2.700 , 0.800 , 1.500 , 1.500 , 33.498 , -9.886 
100.000 ,70.000 ,76.000 ,82.000 ,88.000, 94.000 , 0.000 , 1.200 , 2.400 , 2.700 , 0.900 , 1.500 , 33.603 , -6.794 
71.000 ,77.000 ,83.000 ,89.000 ,95.000, 101.000 , 0.200 , 2.000 , 0.000 , 2.300 , 2.600 , 1.300 , 33.625 , -6.825 
77.000 ,71.000 ,83.000 ,89.000 ,95.000, 101.000 , 0.100 , 1.500 , 1.800 , 0.400 , 2.400 , 2.200 , 33.535 , -9.949 
83.000 ,71.000 ,77.000 ,89.000 ,95.000, 101.000 , 0.100 , 4.200 , 1.800 , 1.800 , 0.400 , 2.500 , 33.463 , -9.774 
89.000 ,71.000 ,77.000 ,83.000 ,95.000, 101.000 , 0.100 , 2.600 , 0.400 , 1.700 , 1.800 , 0.400 , 33.448 , -10.266 
95.000 ,71.000 ,77.000 ,83.000 ,89.000, 101.000 , 0.100 , 2.200 , 2.700 , 0.800 , 1.500 , 1.500 , 33.501 , -9.896 
101.000 ,71.000 ,77.000 ,83.000 ,89.000, 95.000 , 0.000 , 1.100 , 2.400 , 2.700 , 0.900 , 1.500 , 33.604 , -6.798 
72.000 ,78.000 ,84.000 ,90.000 ,96.000, 102.000 , 0.200 , 1.900 , 0.100 , 2.300 , 2.600 , 1.300 , 33.621 , -6.822 
78.000 ,72.000 ,84.000 ,90.000 ,96.000, 102.000 , 0.100 , 1.500 , 1.800 , 0.500 , 2.500 , 2.200 , 33.529 , -9.948 
84.000 ,72.000 ,78.000 ,90.000 ,96.000, 102.000 , 0.100 , 0.200 , 1.800 , 1.800 , 0.400 , 2.500 , 33.460 , -9.894 
90.000 ,72.000 ,78.000 ,84.000 ,96.000, 102.000 , 0.100 , 2.600 , 0.400 , 1.700 , 1.900 , 0.400 , 33.449 , -10.287 
96.000 ,72.000 ,78.000 ,84.000 ,90.000, 102.000 , 0.100 , 2.200 , 2.700 , 0.800 , 1.500 , 1.500 , 33.503 , -9.905 
102.000 ,72.000 ,78.000 ,84.000 ,90.000, 96.000 , 0.000 , 1.100 , 2.400 , 2.700 , 0.800 , 1.600 , 33.606 , -6.800 
73.000 ,79.000 ,85.000 ,91.000 ,97.000, 103.000 , 0.200 , 1.900 , 0.200 , 2.400 , 2.600 , 1.200 , 33.618 , -6.817 
79.000 ,73.000 ,85.000 ,91.000 ,97.000, 103.000 , 0.100 , 1.500 , 1.800 , 0.500 , 2.500 , 2.200 , 33.524 , -9.945 
85.000 ,73.000 ,79.000 ,91.000 ,97.000, 103.000 , 0.100 , 0.300 , 1.700 , 1.800 , 0.400 , 2.500 , 33.457 , -10.006 
91.000 ,73.000 ,79.000 ,85.000 ,97.000, 103.000 , 0.100 , 2.600 , 0.500 , 1.700 , 1.900 , 0.300 , 33.450 , -10.317 
97.000 ,73.000 ,79.000 ,85.000 ,91.000, 103.000 , 0.100 , 2.100 , 2.700 , 0.800 , 1.500 , 1.600 , 33.507 , -9.916 
103.000 ,73.000 ,79.000 ,85.000 ,91.000, 97.000 , 0.000 , 1.000 , 2.400 , 2.700 , 0.800 , 1.600 , 33.608 , -6.803 
74.000 ,80.000 ,86.000 ,92.000 ,98.000, 104.000 , 0.200 , 1.900 , 0.300 , 2.400 , 2.600 , 1.200 , 33.615 , -6.814 
80.000 ,74.000 ,86.000 ,92.000 ,98.000, 104.000 , 0.100 , 1.400 , 1.800 , 0.500 , 2.500 , 2.200 , 33.519 , -9.940 
86.000 ,74.000 ,80.000 ,92.000 ,98.000, 104.000 , 0.100 , 0.400 , 1.700 , 1.800 , 0.400 , 2.400 , 33.455 , -10.107 
92.000 ,74.000 ,80.000 ,86.000 ,98.000, 104.000 , 0.100 , 2.600 , 0.500 , 1.600 , 1.900 , 0.300 , 33.451 , -10.282 
98.000 ,74.000 ,80.000 ,86.000 ,92.000, 104.000 , 0.100 , 2.100 , 2.700 , 0.800 , 1.600 , 1.600 , 33.510 , -9.923 
104.000 ,74.000 ,80.000 ,86.000 ,92.000, 98.000 , 0.000 , 1.000 , 2.400 , 2.700 , 0.700 , 1.600 , 33.610 , -6.807 
75.000 ,81.000 ,87.000 ,93.000 ,99.000, 105.000 , 0.200 , 1.800 , 0.400 , 2.400 , 2.600 , 1.200 , 33.612 , -6.809 
81.000 ,75.000 ,87.000 ,93.000 ,99.000, 105.000 , 0.100 , 1.400 , 1.800 , 0.600 , 2.500 , 2.300 , 33.514 , -9.932 
87.000 ,75.000 ,81.000 ,93.000 ,99.000, 105.000 , 0.100 , 0.400 , 1.700 , 1.800 , 0.400 , 2.400 , 33.453 , -10.200 
93.000 ,75.000 ,81.000 ,87.000 ,99.000, 105.000 , 0.100 , 2.600 , 0.600 , 1.600 , 1.900 , 0.200 , 33.453 , -10.200 
99.000 ,75.000 ,81.000 ,87.000 ,93.000, 105.000 , 0.100 , 2.100 , 2.700 , 0.800 , 1.600 , 1.600 , 33.514 , -9.932 
105.000 ,75.000 ,81.000 ,87.000 ,93.000, 99.000 , 0.000 , 1.000 , 2.400 , 2.600 , 0.600 , 1.600 , 33.612 , -6.809 
76.000 ,82.000 ,88.000 ,94.000 ,100.000, 106.000 , 0.200 , 1.800 , 0.500 , 2.500 , 2.600 , 1.200 , 33.610 , -6.807 
82.000 ,76.000 ,88.000 ,94.000 ,100.000, 106.000 , 0.100 , 1.400 , 1.800 , 0.600 , 2.500 , 2.300 , 33.510 , -9.923 
88.000 ,76.000 ,82.000 ,94.000 ,100.000, 106.000 , 0.100 , 0.500 , 1.700 , 1.800 , 0.300 , 2.400 , 33.451 , -10.282 
94.000 ,76.000 ,82.000 ,88.000 ,100.000, 106.000 , 0.100 , 2.600 , 0.600 , 1.600 , 1.900 , 0.200 , 33.455 , -10.107 
100.000 ,76.000 ,82.000 ,88.000 ,94.000, 106.000 , 0.100 , 2.000 , 2.700 , 0.700 , 1.600 , 1.600 , 33.519 , -9.940 
106.000 ,76.000 ,82.000 ,88.000 ,94.000, 100.000 , 0.000 , 1.000 , 2.400 , 2.600 , 0.500 , 1.700 , 33.615 , -6.814 
77.000 ,83.000 ,89.000 ,95.000 ,101.000, 107.000 , 0.200 , 1.800 , 0.600 , 2.500 , 2.600 , 1.200 , 33.608 , -6.803 
83.000 ,77.000 ,89.000 ,95.000 ,101.000, 107.000 , 0.100 , 1.400 , 1.700 , 0.600 , 2.500 , 2.300 , 33.507 , -9.916 
89.000 ,77.000 ,83.000 ,95.000 ,101.000, 107.000 , 0.100 , 0.500 , 1.700 , 1.900 , 0.300 , 2.400 , 33.450 , -10.317 
95.000 ,77.000 ,83.000 ,89.000 ,101.000, 107.000 , 0.100 , 2.700 , 0.600 , 1.600 , 1.900 , 0.100 , 33.457 , -10.006 
101.000 ,77.000 ,83.000 ,89.000 ,95.000, 107.000 , 0.100 , 2.000 , 2.700 , 0.700 , 1.600 , 1.700 , 33.524 , -9.945 
107.000 ,77.000 ,83.000 ,89.000 ,95.000, 101.000 , 0.000 , 1.000 , 2.400 , 2.600 , 0.400 , 1.700 , 33.618 , -6.817 
78.000 ,84.000 ,90.000 ,96.000 ,102.000, 108.000 , 0.200 , 1.800 , 0.600 , 2.500 , 2.600 , 1.300 , 33.606 , -6.800 
84.000 ,78.000 ,90.000 ,96.000 ,102.000, 108.000 , 0.100 , 1.300 , 1.700 , 0.600 , 2.500 , 2.400 , 33.503 , -9.905 
90.000 ,78.000 ,84.000 ,96.000 ,102.000, 108.000 , 0.100 , 0.600 , 1.700 , 1.900 , 0.200 , 2.400 , 33.449 , -10.287 
96.000 ,78.000 ,84.000 ,90.000 ,102.000, 108.000 , 0.100 , 2.700 , 0.600 , 1.600 , 2.000 , 0.000 , 33.460 , -9.894 
102.000 ,78.000 ,84.000 ,90.000 ,96.000, 108.000 , 0.100 , 2.000 , 2.700 , 0.700 , 1.600 , 1.700 , 33.529 , -9.948 
108.000 ,78.000 ,84.000 ,90.000 ,96.000, 102.000 , 0.000 , 1.100 , 2.400 , 2.500 , 0.300 , 1.700 , 33.621 , -6.822 
79.000 ,85.000 ,91.000 ,97.000 ,103.000, 109.000 , 0.200 , 1.700 , 0.700 , 2.500 , 2.600 , 1.300 , 33.604 , -6.798 
85.000 ,79.000 ,91.000 ,97.000 ,103.000, 109.000 , 0.100 , 1.300 , 1.700 , 0.600 , 2.500 , 2.400 , 33.501 , -9.896 
91.000 ,79.000 ,85.000 ,97.000 ,103.000, 109.000 , 0.100 , 0.600 , 1.600 , 1.900 , 0.200 , 2.400 , 33.448 , -10.266 
97.000 ,79.000 ,85.000 ,91.000 ,103.000, 109.000 , 0.100 , 2.700 , 0.600 , 1.600 , 2.000 , 4.000 , 33.463 , -9.774 
103.000 ,79.000 ,85.000 ,91.000 ,97.000, 109.000 , 0.100 , 2.000 , 2.600 , 0.600 , 1.600 , 1.700 , 33.535 , -9.949 
109.000 ,79.000 ,85.000 ,91.000 ,97.000, 103.000 , 0.000 , 1.100 , 2.400 , 2.500 , 0.200 , 1.800 , 33.625 , -6.825 
80.000 ,86.000 ,92.000 ,98.000 ,104.000, 110.000 , 0.200 , 1.700 , 0.700 , 2.500 , 2.600 , 1.400 , 33.603 , -6.794 
86.000 ,80.000 ,92.000 ,98.000 ,104.000, 110.000 , 0.100 , 1.300 , 1.700 , 0.600 , 2.500 , 2.500 , 33.498 , -9.886 
92.000 ,80.000 ,86.000 ,98.000 ,104.000, 110.000 , 0.100 , 0.600 , 1.600 , 1.900 , 0.100 , 2.300 , 33.448 , -10.253 
98.000 ,80.000 ,86.000 ,92.000 ,104.000, 110.000 , 0.100 , 2.700 , 0.600 , 1.600 , 2.000 , 4.000 , 33.467 , -9.649 
104.000 ,80.000 ,86.000 ,92.000 ,98.000, 110.000 , 0.100 , 2.000 , 2.600 , 0.600 , 1.600 , 1.800 , 33.541 , -9.947 
110.000 ,80.000 ,86.000 ,92.000 ,98.000, 104.000 , 0.000 , 1.100 , 2.500 , 2.400 , 3.600 , 1.800 , 33.629 , -6.831 
81.000 ,87.000 ,93.000 ,99.000 ,105.000, 111.000 , 0.200 , 1.700 , 0.700 , 2.500 , 2.600 , 1.500 , 33.602 , -6.791 
87.000 ,81.000 ,93.000 ,99.000 ,105.000, 111.000 , 0.100 , 1.300 , 1.800 , 0.600 , 2.500 , 2.500 , 33.496 , -9.877 
93.000 ,81.000 ,87.000 ,99.000 ,105.000, 111.000 , 0.100 , 0.600 , 1.600 , 1.900 , 0.000 , 2.300 , 33.448 , -10.199 
99.000 ,81.000 ,87.000 ,93.000 ,105.000, 111.000 , 0.100 , 2.700 , 0.600 , 1.600 , 2.100 , 0.300 , 33.472 , -9.519 
105.000 ,81.000 ,87.000 ,93.000 ,99.000, 111.000 , 0.100 , 2.000 , 2.600 , 0.500 , 1.700 , 1.800 , 33.548 , -9.943 
111.000 ,81.000 ,87.000 ,93.000 ,99.000, 105.000 , 0.000 , 1.200 , 2.500 , 2.400 , 0.000 , 1.900 , 33.633 , -6.834 
82.000 ,88.000 ,94.000 ,100.000 ,106.000, 112.000 , 0.200 , 1.700 , 0.800 , 2.500 , 2.700 , 1.500 , 33.602 , -6.790 
88.000 ,82.000 ,94.000 ,100.000 ,106.000, 112.000 , 0.100 , 1.300 , 1.800 , 0.500 , 2.500 , 2.600 , 33.494 , -9.868 
94.000 ,82.000 ,88.000 ,100.000 ,106.000, 112.000 , 0.100 , 0.600 , 1.600 , 2.000 , 3.800 , 2.200 , 33.449 , -10.083 
100.000 ,82.000 ,88.000 ,94.000 ,106.000, 112.000 , 0.100 , 2.600 , 0.600 , 1.600 , 2.100 , 0.400 , 33.477 , -9.381 
106.000 ,82.000 ,88.000 ,94.000 ,100.000, 112.000 , 0.100 , 2.000 , 2.600 , 0.400 , 1.700 , 1.900 , 33.555 , -9.897 
112.000 ,82.000 ,88.000 ,94.000 ,100.000, 106.000 , 0.000 , 1.300 , 2.500 , 2.300 , 0.200 , 1.900 , 33.638 , -6.838 
83.000 ,89.000 ,95.000 ,101.000 ,107.000, 113.000 , 0.200 , 1.700 , 0.800 , 2.600 , 2.700 , 1.600 , 33.601 , -6.787 
89.000 ,83.000 ,95.000 ,101.000 ,107.000, 113.000 , 0.100 , 1.300 , 1.800 , 0.500 , 2.500 , 2.600 , 33.493 , -9.861 
95.000 ,83.000 ,89.000 ,101.000 ,107.000, 113.000 , 0.100 , 0.700 , 1.600 , 2.000 , 0.200 , 2.200 , 33.450 , -9.955 
101.000 ,83.000 ,89.000 ,95.000 ,107.000, 113.000 , 0.100 , 2.600 , 0.500 , 1.700 , 2.100 , 0.500 , 33.482 , -9.243 
107.000 ,83.000 ,89.000 ,95.000 ,101.000, 113.000 , 0.100 , 2.000 , 2.500 , 0.400 , 1.700 , 1.900 , 33.562 , -9.717 
113.000 ,83.000 ,89.000 ,95.000 ,101.000, 107.000 , 0.000 , 1.300 , 2.500 , 2.200 , 0.300 , 1.900 , 33.643 , -6.842 
84.000 ,90.000 ,96.000 ,102.000 ,108.000, 114.000 , 0.200 , 1.700 , 0.800 , 2.600 , 2.700 , 1.700 , 33.601 , -6.784 
90.000 ,84.000 ,96.000 ,102.000 ,108.000, 114.000 , 0.100 , 1.300 , 1.800 , 0.500 , 2.500 , 2.700 , 33.492 , -9.855 
96.000 ,84.000 ,90.000 ,102.000 ,108.000, 114.000 , 0.100 , 0.600 , 1.600 , 2.000 , 0.300 , 2.100 , 33.452 , -9.819 
102.000 ,84.000 ,90.000 ,96.000 ,108.000, 114.000 , 0.200 , 2.600 , 0.500 , 1.700 , 2.100 , 0.600 , 33.488 , -9.104 
108.000 ,84.000 ,90.000 ,96.000 ,102.000, 114.000 , 0.100 , 2.000 , 2.500 , 0.300 , 1.800 , 1.900 , 33.570 , -9.540 
114.000 ,84.000 ,90.000 ,96.000 ,102.000, 108.000 , 0.000 , 1.400 , 2.600 , 2.100 , 0.500 , 2.000 , 33.648 , -6.844 
85.000 ,91.000 ,97.000 ,103.000 ,109.000, 115.000 , 0.200 , 1.600 , 0.800 , 2.600 , 2.700 , 1.800 , 33.601 , -6.781 
91.000 ,85.000 ,97.000 ,103.000 ,109.000, 115.000 , 0.100 , 1.300 , 1.800 , 0.400 , 2.400 , 2.800 , 33.491 , -9.849 
97.000 ,85.000 ,91.000 ,103.000 ,109.000, 115.000 , 0.100 , 0.600 , 1.600 , 2.100 , 0.500 , 2.000 , 33.454 , -9.676 
103.000 ,85.000 ,91.000 ,97.000 ,109.000, 115.000 , 0.200 , 2.600 , 0.500 , 1.700 , 2.200 , 0.800 , 33.495 , -8.961 
109.000 ,85.000 ,91.000 ,97.000 ,103.000, 115.000 , 0.100 , 2.100 , 2.500 , 3.500 , 1.800 , 2.000 , 33.579 , -9.357 
115.000 ,85.000 ,91.000 ,97.000 ,103.000, 109.000 , 0.100 , 1.500 , 2.600 , 2.000 , 0.700 , 2.000 , 33.654 , -6.847 
86.000 ,92.000 ,98.000 ,104.000 ,110.000, 116.000 , 0.200 , 1.600 , 0.800 , 2.600 , 2.700 , 1.900 , 33.601 , -6.779 
92.000 ,86.000 ,98.000 ,104.000 ,110.000, 116.000 , 0.100 , 1.200 , 1.800 , 0.300 , 2.400 , 2.900 , 33.490 , -9.846 
98.000 ,86.000 ,92.000 ,104.000 ,110.000, 116.000 , 0.100 , 0.600 , 1.600 , 2.100 , 0.600 , 2.000 , 33.456 , -9.524 
104.000 ,86.000 ,92.000 ,98.000 ,110.000, 116.000 , 0.200 , 2.600 , 0.400 , 1.700 , 2.200 , 0.900 , 33.503 , -8.820 
110.000 ,86.000 ,92.000 ,98.000 ,104.000, 116.000 , 0.100 , 2.100 , 2.400 , 3.600 , 1.800 , 2.000 , 33.588 , -9.175 
116.000 ,86.000 ,92.000 ,98.000 ,104.000, 110.000 , 0.100 , 1.600 , 2.600 , 1.900 , 0.900 , 2.100 , 33.660 , -6.850 
87.000 ,93.000 ,99.000 ,105.000 ,111.000, 117.000 , 0.200 , 1.600 , 0.800 , 2.600 , 2.800 , 2.100 , 33.601 , -6.776 
93.000 ,87.000 ,99.000 ,105.000 ,111.000, 117.000 , 0.100 , 1.200 , 1.900 , 0.200 , 2.400 , 2.900 , 33.490 , -9.845 
99.000 ,87.000 ,93.000 ,105.000 ,111.000, 117.000 , 0.100 , 0.600 , 1.600 , 2.100 , 0.800 , 1.800 , 33.460 , -9.369 
105.000 ,87.000 ,93.000 ,99.000 ,111.000, 117.000 , 0.200 , 2.600 , 0.300 , 1.700 , 2.200 , 1.100 , 33.511 , -8.683 
111.000 ,87.000 ,93.000 ,99.000 ,105.000, 117.000 , 0.100 , 2.100 , 2.400 , 0.100 , 1.900 , 2.100 , 33.597 , -8.990 
117.000 ,87.000 ,93.000 ,99.000 ,105.000, 111.000 , 0.100 , 1.600 , 2.700 , 1.700 , 1.000 , 2.100 , 33.666 , -6.849 
88.000 ,94.000 ,100.000 ,106.000 ,112.000, 118.000 , 0.200 , 1.700 , 0.800 , 2.600 , 2.800 , 2.200 , 33.602 , -6.772 
94.000 ,88.000 ,100.000 ,106.000 ,112.000, 118.000 , 0.100 , 1.200 , 1.900 , 0.100 , 2.400 , 2.900 , 33.490 , -9.847 
100.000 ,88.000 ,94.000 ,106.000 ,112.000, 118.000 , 0.100 , 0.600 , 1.700 , 2.200 , 1.000 , 1.700 , 33.463 , -9.211 
106.000 ,88.000 ,94.000 ,100.000 ,112.000, 118.000 , 0.200 , 2.500 , 0.300 , 1.700 , 2.300 , 1.200 , 33.520 , -8.545 
112.000 ,88.000 ,94.000 ,100.000 ,106.000, 118.000 , 0.100 , 2.100 , 2.300 , 0.200 , 1.900 , 2.100 , 33.606 , -8.807 
118.000 ,88.000 ,94.000 ,100.000 ,106.000, 112.000 , 0.100 , 1.700 , 2.700 , 1.500 , 1.200 , 2.100 , 33.673 , -6.848 
89.000 ,95.000 ,101.000 ,107.000 ,113.000, 119.000 , 0.200 , 1.700 , 0.800 , 2.600 , 2.800 , 2.300 , 33.603 , -6.767 
95.000 ,89.000 ,101.000 ,107.000 ,113.000, 119.000 , 0.100 , 1.300 , 1.900 , 0.000 , 2.300 , 2.800 , 33.490 , -9.852 
101.000 ,89.000 ,95.000 ,107.000 ,113.000, 119.000 , 0.100 , 0.500 , 1.700 , 2.200 , 1.200 , 1.500 , 33.468 , -9.049 
107.000 ,89.000 ,95.000 ,101.000 ,113.000, 119.000 , 0.200 , 2.500 , 0.200 , 1.800 , 2.300 , 1.300 , 33.529 , -8.412 
113.000 ,89.000 ,95.000 ,101.000 ,107.000, 119.000 , 0.100 , 2.200 , 2.200 , 0.300 , 1.900 , 2.200 , 33.616 , -8.622 
119.000 ,89.000 ,95.000 ,101.000 ,107.000, 113.000 , 0.100 , 1.800 , 2.700 , 1.300 , 1.400 , 2.200 , 33.680 , -6.846 
90.000 ,96.000 ,102.000 ,108.000 ,114.000, 120.000 , 0.200 , 1.700 , 0.800 , 2.500 , 2.900 , 2.400 , 33.603 , -6.762 
96.000 ,90.000 ,102.000 ,108.000 ,114.000, 120.000 , 0.100 , 1.300 , 2.000 , 3.800 , 2.200 , 2.800 , 33.491 , -9.860 
102.000 ,90.000 ,96.000 ,108.000 ,114.000, 120.000 , 0.100 , 0.500 , 1.700 , 2.200 , 1.400 , 1.300 , 33.474 , -8.889 
108.000 ,90.000 ,96.000 ,102.000 ,114.000, 120.000 , 0.200 , 2.500 , 3.500 , 1.800 , 2.300 , 1.500 , 33.539 , -8.285 
114.000 ,90.000 ,96.000 ,102.000 ,108.000, 120.000 , 0.100 , 2.200 , 2.100 , 0.500 , 2.000 , 2.200 , 33.626 , -8.439 
120.000 ,90.000 ,96.000 ,102.000 ,108.000, 114.000 , 0.000 , 1.900 , 2.700 , 1.000 , 1.500 , 2.200 , 33.688 , -6.843 
91.000 ,97.000 ,103.000 ,109.000 ,115.000, 121.000 , 0.200 , 1.700 , 0.700 , 2.500 , 2.900 , 2.600 , 33.604 , -6.756 
97.000 ,91.000 ,103.000 ,109.000 ,115.000, 121.000 , 0.100 , 1.300 , 2.000 , 0.300 , 2.200 , 2.800 , 33.491 , -9.871 
103.000 ,91.000 ,97.000 ,109.000 ,115.000, 121.000 , 0.100 , 0.500 , 1.700 , 2.300 , 1.600 , 1.100 , 33.480 , -8.732 
109.000 ,91.000 ,97.000 ,103.000 ,115.000, 121.000 , 0.200 , 2.400 , 3.600 , 1.800 , 2.400 , 1.600 , 33.550 , -8.163 
115.000 ,91.000 ,97.000 ,103.000 ,109.000, 121.000 , 0.100 , 2.300 , 2.000 , 0.700 , 2.000 , 2.300 , 33.636 , -8.254 
121.000 ,91.000 ,97.000 ,103.000 ,109.000, 115.000 , 0.000 , 2.000 , 2.600 , 0.700 , 1.700 , 2.300 , 33.695 , -6.837 
92.000 ,98.000 ,104.000 ,110.000 ,116.000, 122.000 , 0.200 , 1.700 , 0.700 , 2.500 , 2.900 , 2.700 , 33.604 , -6.751 
98.000 ,92.000 ,104.000 ,110.000 ,116.000, 122.000 , 0.100 , 1.300 , 2.000 , 0.500 , 2.100 , 2.700 , 33.493 , -9.861 
104.000 ,92.000 ,98.000 ,110.000 ,116.000, 122.000 , 0.100 , 0.400 , 1.700 , 2.300 , 1.700 , 0.800 , 33.487 , -8.576 
110.000 ,92.000 ,98.000 ,104.000 ,116.000, 122.000 , 0.200 , 2.400 , 0.100 , 1.800 , 2.400 , 1.800 , 33.562 , -8.046 
116.000 ,92.000 ,98.000 ,104.000 ,110.000, 122.000 , 0.100 , 2.300 , 1.900 , 0.800 , 2.000 , 2.400 , 33.646 , -8.073 
122.000 ,92.000 ,98.000 ,104.000 ,110.000, 116.000 , 0.000 , 2.100 , 2.500 , 0.400 , 1.800 , 2.300 , 33.703 , -6.829 
93.000 ,99.000 ,105.000 ,111.000 ,117.000, 123.000 , 0.200 , 1.700 , 0.600 , 2.500 , 2.900 , 2.800 , 33.604 , -6.745 
99.000 ,93.000 ,105.000 ,111.000 ,117.000, 123.000 , 0.100 , 1.300 , 2.100 , 0.700 , 1.900 , 2.700 , 33.494 , -9.672 
105.000 ,93.000 ,99.000 ,111.000 ,117.000, 123.000 , 0.100 , 0.400 , 1.700 , 2.300 , 1.900 , 0.500 , 33.496 , -8.427 
111.000 ,93.000 ,99.000 ,105.000 ,117.000, 123.000 , 0.100 , 2.300 , 0.200 , 1.900 , 2.400 , 1.900 , 33.574 , -7.938 
117.000 ,93.000 ,99.000 ,105.000 ,111.000, 123.000 , 0.100 , 2.400 , 1.700 , 1.000 , 2.100 , 2.400 , 33.656 , -7.889 
123.000 ,93.000 ,99.000 ,105.000 ,111.000, 117.000 , 0.000 , 2.200 , 2.300 , 0.000 , 2.000 , 2.300 , 33.711 , -6.820 
94.000 ,100.000 ,106.000 ,112.000 ,118.000, 124.000 , 0.200 , 1.800 , 0.500 , 2.500 , 2.900 , 3.000 , 33.604 , -6.739 
100.000 ,94.000 ,106.000 ,112.000 ,118.000, 124.000 , 0.100 , 1.300 , 2.100 , 1.000 , 1.800 , 2.700 , 33.497 , -9.478 
106.000 ,94.000 ,100.000 ,112.000 ,118.000, 124.000 , 0.100 , 0.300 , 1.800 , 2.400 , 2.000 , 0.100 , 33.505 , -8.285 
112.000 ,94.000 ,100.000 ,106.000 ,118.000, 124.000 , 0.100 , 2.300 , 0.300 , 1.900 , 2.400 , 2.100 , 33.586 , -7.839 
118.000 ,94.000 ,100.000 ,106.000 ,112.000, 124.000 , 0.000 , 2.400 , 1.500 , 1.200 , 2.100 , 2.500 , 33.666 , -7.709 
124.000 ,94.000 ,100.000 ,106.000 ,112.000, 118.000 , 0.000 , 2.300 , 2.100 , 0.400 , 2.100 , 2.400 , 33.718 , -6.808 
95.000 ,101.000 ,107.000 ,113.000 ,119.000, 125.000 , 0.200 , 1.800 , 0.400 , 2.400 , 2.900 , 3.000 , 33.603 , -6.735 
101.000 ,95.000 ,107.000 ,113.000 ,119.000, 125.000 , 0.100 , 1.300 , 2.200 , 1.200 , 1.500 , 2.600 , 33.500 , -9.279 
107.000 ,95.000 ,101.000 ,113.000 ,119.000, 125.000 , 0.200 , 0.200 , 1.800 , 2.400 , 2.200 , 0.300 , 33.515 , -8.149 
113.000 ,95.000 ,101.000 ,107.000 ,119.000, 125.000 , 0.100 , 2.200 , 0.400 , 1.900 , 2.500 , 2.200 , 33.599 , -7.745 
119.000 ,95.000 ,101.000 ,107.000 ,113.000, 125.000 , 0.000 , 2.500 , 1.300 , 1.400 , 2.200 , 2.500 , 33.676 , -7.530 
125.000 ,95.000 ,101.000 ,107.000 ,113.000, 119.000 , 0.000 , 2.400 , 1.900 , 0.800 , 2.200 , 2.400 , 33.726 , -6.683 
96.000 ,102.000 ,108.000 ,114.000 ,120.000, 126.000 , 0.200 , 1.800 , 0.300 , 2.400 , 2.900 , 3.000 , 33.603 , -6.731 
102.000 ,96.000 ,108.000 ,114.000 ,120.000, 126.000 , 0.100 , 1.300 , 2.200 , 1.500 , 1.200 , 2.500 , 33.504 , -9.078 
108.000 ,96.000 ,102.000 ,114.000 ,120.000, 126.000 , 0.200 , 3.900 , 1.800 , 2.400 , 2.300 , 0.700 , 33.527 , -8.025 
114.000 ,96.000 ,102.000 ,108.000 ,120.000, 126.000 , 0.100 , 2.100 , 0.600 , 2.000 , 2.500 , 2.300 , 33.612 , -7.661 
120.000 ,96.000 ,102.000 ,108.000 ,114.000, 126.000 , 0.000 , 2.600 , 1.100 , 1.500 , 2.200 , 2.600 , 33.685 , -7.350 
126.000 ,96.000 ,102.000 ,108.000 ,114.000, 120.000 , 0.000 , 2.500 , 1.500 , 1.200 , 2.300 , 2.400 , 33.733 , -6.549 
97.000 ,103.000 ,109.000 ,115.000 ,121.000, 127.000 , 0.200 , 1.900 , 0.100 , 2.300 , 2.900 , 3.000 , 33.601 , -6.731 
103.000 ,97.000 ,109.000 ,115.000 ,121.000, 127.000 , 0.100 , 1.400 , 2.300 , 1.700 , 0.800 , 2.400 , 33.509 , -8.879 
109.000 ,97.000 ,103.000 ,115.000 ,121.000, 127.000 , 0.200 , 4.000 , 1.800 , 2.400 , 2.400 , 1.000 , 33.540 , -7.912 
115.000 ,97.000 ,103.000 ,109.000 ,121.000, 127.000 , 0.100 , 2.000 , 0.700 , 2.000 , 2.500 , 2.500 , 33.625 , -7.587 
121.000 ,97.000 ,103.000 ,109.000 ,115.000, 127.000 , 0.000 , 2.600 , 0.700 , 1.700 , 2.200 , 2.700 , 33.694 , -7.174 
127.000 ,97.000 ,103.000 ,109.000 ,115.000, 121.000 , 0.000 , 2.600 , 1.100 , 1.500 , 2.400 , 2.400 , 33.740 , -6.427 
98.000 ,104.000 ,110.000 ,116.000 ,122.000, 128.000 , 0.200 , 1.900 , 3.700 , 2.300 , 2.800 , 2.900 , 33.599 , -6.734 
104.000 ,98.000 ,110.000 ,116.000 ,122.000, 128.000 , 0.100 , 1.400 , 2.300 , 1.900 , 0.300 , 2.300 , 33.515 , -8.682 
110.000 ,98.000 ,104.000 ,116.000 ,122.000, 128.000 , 0.200 , 4.000 , 1.800 , 2.500 , 2.400 , 1.400 , 33.554 , -7.812 
116.000 ,98.000 ,104.000 ,110.000 ,122.000, 128.000 , 0.100 , 1.900 , 0.900 , 2.100 , 2.500 , 2.600 , 33.639 , -7.523 
122.000 ,98.000 ,104.000 ,110.000 ,116.000, 128.000 , 0.000 , 2.500 , 0.400 , 1.800 , 2.300 , 2.700 , 33.703 , -6.998 
128.000 ,98.000 ,104.000 ,110.000 ,116.000, 122.000 , 0.000 , 2.500 , 0.600 , 1.800 , 2.400 , 2.500 , 33.746 , -6.313 
99.000 ,105.000 ,111.000 ,117.000 ,123.000, 129.000 , 0.200 , 2.000 , 0.400 , 2.200 , 2.800 , 2.900 , 33.597 , -6.739 
105.000 ,99.000 ,111.000 ,117.000 ,123.000, 129.000 , 0.100 , 1.400 , 2.300 , 2.100 , 0.300 , 2.000 , 33.522 , -8.495 
111.000 ,99.000 ,105.000 ,117.000 ,123.000, 129.000 , 0.200 , 0.000 , 1.900 , 2.500 , 2.500 , 1.800 , 33.569 , -7.723 
117.000 ,99.000 ,105.000 ,111.000 ,123.000, 129.000 , 0.100 , 1.700 , 1.000 , 2.100 , 2.600 , 2.700 , 33.652 , -7.468 
123.000 ,99.000 ,105.000 ,111.000 ,117.000, 129.000 , 0.000 , 2.300 , 0.000 , 2.000 , 2.300 , 2.800 , 33.711 , -6.822 
129.000 ,99.000 ,105.000 ,111.000 ,117.000, 123.000 , 0.100 , 2.300 , 0.000 , 2.000 , 2.500 , 2.500 , 33.752 , -6.210 
100.000 ,106.000 ,112.000 ,118.000 ,124.000, 130.000 , 0.200 , 2.100 , 0.700 , 2.000 , 2.800 , 2.900 , 33.595 , -6.749 
106.000 ,100.000 ,112.000 ,118.000 ,124.000, 130.000 , 0.100 , 1.400 , 2.400 , 2.200 , 0.900 , 1.700 , 33.531 , -8.317 
112.000 ,100.000 ,106.000 ,118.000 ,124.000, 130.000 , 0.100 , 0.100 , 1.900 , 2.500 , 2.600 , 2.100 , 33.584 , -7.649 
118.000 ,100.000 ,106.000 ,112.000 ,124.000, 130.000 , 0.100 , 1.500 , 1.200 , 2.100 , 2.600 , 2.900 , 33.664 , -7.422 
124.000 ,100.000 ,106.000 ,112.000 ,118.000, 130.000 , 0.000 , 2.100 , 0.400 , 2.100 , 2.400 , 2.900 , 33.718 , -6.647 
130.000 ,100.000 ,106.000 ,112.000 ,118.000, 124.000 , 0.100 , 2.000 , 0.600 , 2.200 , 2.500 , 2.500 , 33.756 , -6.120 
101.000 ,107.000 ,113.000 ,119.000 ,125.000, 131.000 , 0.200 , 2.100 , 1.000 , 1.800 , 2.700 , 2.800 , 33.593 , -6.765 
107.000 ,101.000 ,113.000 ,119.000 ,125.000, 131.000 , 0.100 , 1.400 , 2.400 , 2.300 , 1.400 , 1.200 , 33.541 , -8.151 
113.000 ,101.000 ,107.000 ,119.000 ,125.000, 131.000 , 0.100 , 0.200 , 1.900 , 2.500 , 2.600 , 2.400 , 33.600 , -7.591 
119.000 ,101.000 ,107.000 ,113.000 ,125.000, 131.000 , 0.000 , 1.300 , 1.300 , 2.200 , 2.600 , 3.000 , 33.676 , -7.385 
125.000 ,101.000 ,107.000 ,113.000 ,119.000, 131.000 , 0.100 , 1.900 , 0.800 , 2.200 , 2.400 , 3.000 , 33.724 , -6.473 
131.000 ,101.000 ,107.000 ,113.000 ,119.000, 125.000 , 0.100 , 1.600 , 1.100 , 2.300 , 2.600 , 2.500 , 33.760 , -6.043 
102.000 ,108.000 ,114.000 ,120.000 ,126.000, 132.000 , 0.200 , 2.200 , 1.300 , 1.400 , 2.600 , 2.800 , 33.592 , -6.789 
108.000 ,102.000 ,114.000 ,120.000 ,126.000, 132.000 , 0.200 , 1.400 , 2.400 , 2.400 , 1.900 , 0.600 , 33.554 , -8.002 
114.000 ,102.000 ,108.000 ,120.000 ,126.000, 132.000 , 0.100 , 0.300 , 2.000 , 2.500 , 2.700 , 2.600 , 33.617 , -7.547 
120.000 ,102.000 ,108.000 ,114.000 ,126.000, 132.000 , 0.000 , 1.100 , 1.500 , 2.200 , 2.600 , 3.100 , 33.687 , -7.358 
126.000 ,102.000 ,108.000 ,114.000 ,120.000, 132.000 , 0.100 , 1.500 , 1.200 , 2.300 , 2.400 , 3.100 , 33.728 , -6.298 
132.000 ,102.000 ,108.000 ,114.000 ,120.000, 126.000 , 0.100 , 1.100 , 1.500 , 2.400 , 2.600 , 2.600 , 33.761 , -5.978 
103.000 ,109.000 ,115.000 ,121.000 ,127.000, 133.000 , 0.200 , 2.200 , 1.600 , 0.900 , 2.500 , 2.700 , 33.592 , -6.821 
109.000 ,103.000 ,115.000 ,121.000 ,127.000, 133.000 , 0.200 , 1.500 , 2.400 , 2.500 , 2.200 , 0.200 , 33.567 , -7.872 
115.000 ,103.000 ,109.000 ,121.000 ,127.000, 133.000 , 0.100 , 0.400 , 2.000 , 2.500 , 2.700 , 2.900 , 33.634 , -7.520 
121.000 ,103.000 ,109.000 ,115.000 ,127.000, 133.000 , 0.000 , 0.800 , 1.700 , 2.200 , 2.600 , 3.300 , 33.697 , -7.339 
127.000 ,103.000 ,109.000 ,115.000 ,121.000, 133.000 , 0.100 , 1.100 , 1.500 , 2.400 , 2.500 , 3.100 , 33.731 , -6.120 
133.000 ,103.000 ,109.000 ,115.000 ,121.000, 127.000 , 0.200 , 0.600 , 1.800 , 2.500 , 2.700 , 2.600 , 33.760 , -5.927 
104.000 ,110.000 ,116.000 ,122.000 ,128.000, 134.000 , 0.300 , 2.300 , 1.900 , 0.100 , 2.300 , 2.600 , 33.593 , -6.857 
110.000 ,104.000 ,116.000 ,122.000 ,128.000, 134.000 , 0.200 , 1.500 , 2.500 , 2.500 , 2.400 , 1.000 , 33.583 , -7.759 
116.000 ,104.000 ,110.000 ,122.000 ,128.000, 134.000 , 0.100 , 0.500 , 2.000 , 2.500 , 2.700 , 3.100 , 33.650 , -7.508 
122.000 ,104.000 ,110.000 ,116.000 ,128.000, 134.000 , 0.100 , 0.500 , 1.800 , 2.300 , 2.600 , 3.400 , 33.705 , -7.103 
128.000 ,104.000 ,110.000 ,116.000 ,122.000, 134.000 , 0.100 , 0.700 , 1.800 , 2.400 , 2.500 , 3.200 , 33.732 , -5.939 
134.000 ,104.000 ,110.000 ,116.000 ,122.000, 128.000 , 0.200 , 3.900 , 2.100 , 2.600 , 2.700 , 2.600 , 33.757 , -5.892 
105.000 ,111.000 ,117.000 ,123.000 ,129.000, 135.000 , 0.300 , 2.300 , 2.100 , 0.700 , 1.900 , 2.500 , 33.596 , -6.899 
111.000 ,105.000 ,117.000 ,123.000 ,129.000, 135.000 , 0.200 , 1.500 , 2.500 , 2.600 , 2.600 , 1.800 , 33.600 , -7.669 
117.000 ,105.000 ,111.000 ,123.000 ,129.000, 135.000 , 0.100 , 0.600 , 2.000 , 2.600 , 2.800 , 3.200 , 33.665 , -7.511 
123.000 ,105.000 ,111.000 ,117.000 ,129.000, 135.000 , 0.100 , 0.200 , 1.900 , 2.300 , 2.700 , 3.300 , 33.711 , -6.868 
129.000 ,105.000 ,111.000 ,117.000 ,123.000, 135.000 , 0.100 , 0.200 , 2.000 , 2.500 , 2.500 , 3.300 , 33.730 , -5.753 
135.000 ,105.000 ,111.000 ,117.000 ,123.000, 129.000 , 0.300 , 0.400 , 2.200 , 2.600 , 2.700 , 2.600 , 33.749 , -5.873 
106.000 ,112.000 ,118.000 ,124.000 ,130.000, 136.000 , 0.300 , 2.400 , 2.300 , 1.500 , 1.200 , 2.400 , 33.601 , -6.945 
112.000 ,106.000 ,118.000 ,124.000 ,130.000, 136.000 , 0.200 , 1.500 , 2.500 , 2.600 , 2.700 , 2.400 , 33.618 , -7.602 
118.000 ,106.000 ,112.000 ,124.000 ,130.000, 136.000 , 0.000 , 0.700 , 2.100 , 2.600 , 2.800 , 3.200 , 33.680 , -7.528 
124.000 ,106.000 ,112.000 ,118.000 ,130.000, 136.000 , 0.100 , 0.100 , 2.000 , 2.400 , 2.700 , 3.300 , 33.715 , -6.635 
130.000 ,106.000 ,112.000 ,118.000 ,124.000, 136.000 , 0.100 , 0.200 , 2.100 , 2.500 , 2.500 , 3.400 , 33.724 , -5.560 
136.000 ,106.000 ,112.000 ,118.000 ,124.000, 130.000 , 0.300 , 0.900 , 2.400 , 2.700 , 2.800 , 2.600 , 33.737 , -5.871 
107.000 ,113.000 ,119.000 ,125.000 ,131.000, 137.000 , 0.300 , 2.400 , 2.400 , 2.000 , 4.000 , 2.000 , 33.609 , -6.993 
113.000 ,107.000 ,119.000 ,125.000 ,131.000, 137.000 , 0.200 , 1.500 , 2.500 , 2.600 , 2.700 , 2.900 , 33.637 , -7.559 
119.000 ,107.000 ,113.000 ,125.000 ,131.000, 137.000 , 0.000 , 0.900 , 2.100 , 2.600 , 2.800 , 3.200 , 33.692 , -7.558 
125.000 ,107.000 ,113.000 ,119.000 ,131.000, 137.000 , 0.100 , 0.400 , 2.200 , 2.400 , 2.700 , 3.300 , 33.716 , -6.405 
131.000 ,107.000 ,113.000 ,119.000 ,125.000, 137.000 , 0.100 , 0.700 , 2.300 , 2.600 , 2.600 , 3.500 , 33.714 , -5.358 
137.000 ,107.000 ,113.000 ,119.000 ,125.000, 131.000 , 0.400 , 1.200 , 2.500 , 2.700 , 2.800 , 2.600 , 33.718 , -5.887 
108.000 ,114.000 ,120.000 ,126.000 ,132.000, 138.000 , 0.300 , 2.400 , 2.500 , 2.300 , 1.300 , 1.300 , 33.619 , -7.038 
114.000 ,108.000 ,120.000 ,126.000 ,132.000, 138.000 , 0.200 , 1.600 , 2.500 , 2.700 , 2.800 , 3.200 , 33.655 , -7.540 
120.000 ,108.000 ,114.000 ,126.000 ,132.000, 138.000 , 0.000 , 1.000 , 2.200 , 2.600 , 2.800 , 3.200 , 33.702 , -7.601 
126.000 ,108.000 ,114.000 ,120.000 ,132.000, 138.000 , 0.200 , 0.700 , 2.200 , 2.400 , 2.700 , 3.300 , 33.713 , -6.183 
132.000 ,108.000 ,114.000 ,120.000 ,126.000, 138.000 , 0.100 , 1.000 , 2.400 , 2.600 , 2.600 , 3.600 , 33.698 , -5.145 
138.000 ,108.000 ,114.000 ,120.000 ,126.000, 132.000 , 0.500 , 1.500 , 2.500 , 2.800 , 2.800 , 2.600 , 33.692 , -5.920 
109.000 ,115.000 ,121.000 ,127.000 ,133.000, 139.000 , 0.300 , 2.500 , 2.500 , 2.500 , 2.100 , 0.100 , 33.632 , -7.077 
115.000 ,109.000 ,121.000 ,127.000 ,133.000, 139.000 , 0.100 , 1.600 , 2.500 , 2.700 , 2.900 , 3.100 , 33.673 , -7.545 
121.000 ,109.000 ,115.000 ,127.000 ,133.000, 139.000 , 0.100 , 1.100 , 2.200 , 2.600 , 2.900 , 3.100 , 33.709 , -7.349 
127.000 ,109.000 ,115.000 ,121.000 ,133.000, 139.000 , 0.200 , 1.000 , 2.300 , 2.500 , 2.700 , 3.300 , 33.705 , -5.967 
133.000 ,109.000 ,115.000 ,121.000 ,127.000, 139.000 , 0.100 , 1.300 , 2.500 , 2.700 , 2.600 , 3.800 , 33.675 , -4.919 
139.000 ,109.000 ,115.000 ,121.000 ,127.000, 133.000 , 0.600 , 1.700 , 2.600 , 2.800 , 2.800 , 2.600 , 33.656 , -5.971 
110.000 ,116.000 ,122.000 ,128.000 ,134.000, 140.000 , 0.300 , 2.500 , 2.600 , 2.600 , 2.500 , 1.400 , 33.648 , -7.103 
116.000 ,110.000 ,122.000 ,128.000 ,134.000, 140.000 , 0.100 , 1.600 , 2.500 , 2.700 , 2.900 , 3.100 , 33.690 , -7.572 
122.000 ,110.000 ,116.000 ,128.000 ,134.000, 140.000 , 0.100 , 1.300 , 2.300 , 2.600 , 2.900 , 3.100 , 33.712 , -7.077 
128.000 ,110.000 ,116.000 ,122.000 ,134.000, 140.000 , 0.200 , 1.300 , 2.400 , 2.500 , 2.700 , 3.300 , 33.691 , -5.759 
134.000 ,110.000 ,116.000 ,122.000 ,128.000, 140.000 , 0.100 , 1.500 , 2.500 , 2.700 , 2.600 , 3.900 , 33.641 , -4.676 
140.000 ,110.000 ,116.000 ,122.000 ,128.000, 134.000 , 0.700 , 1.900 , 2.700 , 2.800 , 2.800 , 2.600 , 33.608 , -5.863 
111.000 ,117.000 ,123.000 ,129.000 ,135.000, 141.000 , 0.300 , 2.500 , 2.600 , 2.700 , 2.700 , 2.600 , 33.666 , -7.112 
117.000 ,111.000 ,123.000 ,129.000 ,135.000, 141.000 , 0.100 , 1.700 , 2.500 , 2.700 , 2.900 , 3.100 , 33.704 , -7.620 
123.000 ,111.000 ,117.000 ,129.000 ,135.000, 141.000 , 0.200 , 1.400 , 2.300 , 2.600 , 2.900 , 3.100 , 33.710 , -6.796 
129.000 ,111.000 ,117.000 ,123.000 ,135.000, 141.000 , 0.300 , 1.500 , 2.500 , 2.500 , 2.700 , 3.300 , 33.670 , -5.563 
135.000 ,111.000 ,117.000 ,123.000 ,129.000, 141.000 , 0.100 , 1.800 , 2.600 , 2.700 , 2.600 , 4.000 , 33.595 , -4.415 
141.000 ,111.000 ,117.000 ,123.000 ,129.000, 135.000 , 0.800 , 2.000 , 2.700 , 2.900 , 2.800 , 2.700 , 33.545 , -5.721 
112.000 ,118.000 ,124.000 ,130.000 ,136.000, 142.000 , 0.300 , 2.500 , 2.600 , 2.700 , 2.900 , 3.100 , 33.684 , -7.102 
118.000 ,112.000 ,124.000 ,130.000 ,136.000, 142.000 , 0.000 , 1.700 , 2.500 , 2.700 , 3.000 , 3.000 , 33.715 , -7.688 
124.000 ,112.000 ,118.000 ,130.000 ,136.000, 142.000 , 0.200 , 1.600 , 2.300 , 2.600 , 2.900 , 3.100 , 33.702 , -6.515 
130.000 ,112.000 ,118.000 ,124.000 ,136.000, 142.000 , 0.300 , 1.700 , 2.500 , 2.600 , 2.700 , 3.300 , 33.638 , -5.377 
136.000 ,112.000 ,118.000 ,124.000 ,130.000, 142.000 , 0.100 , 1.900 , 2.700 , 2.800 , 2.700 , 4.200 , 33.532 , -4.135 
142.000 ,112.000 ,118.000 ,124.000 ,130.000, 136.000 , 1.000 , 2.200 , 2.800 , 2.900 , 2.900 , 2.700 , 33.465 , -5.567 
113.000 ,119.000 ,125.000 ,131.000 ,137.000, 143.000 , 0.300 , 2.500 , 2.600 , 2.700 , 2.900 , 3.100 , 33.703 , -7.070 
119.000 ,113.000 ,125.000 ,131.000 ,137.000, 143.000 , 0.000 , 1.800 , 2.500 , 2.700 , 3.000 , 3.000 , 33.721 , -7.775 
125.000 ,113.000 ,119.000 ,131.000 ,137.000, 143.000 , 0.300 , 1.700 , 2.400 , 2.600 , 3.000 , 3.000 , 33.686 , -6.232 
131.000 ,113.000 ,119.000 ,125.000 ,137.000, 143.000 , 0.300 , 1.900 , 2.600 , 2.600 , 2.800 , 3.200 , 33.593 , -5.201 
137.000 ,113.000 ,119.000 ,125.000 ,131.000, 143.000 , 0.100 , 2.100 , 2.700 , 2.800 , 2.700 , 4.400 , 33.448 , -3.834 
143.000 ,113.000 ,119.000 ,125.000 ,131.000, 137.000 , 1.100 , 2.300 , 2.800 , 2.900 , 2.900 , 2.700 , 33.365 , -5.401 
114.000 ,120.000 ,126.000 ,132.000 ,138.000, 144.000 , 0.300 , 2.500 , 2.600 , 2.800 , 3.000 , 3.000 , 33.720 , -7.014 
120.000 ,114.000 ,126.000 ,132.000 ,138.000, 144.000 , 0.100 , 1.800 , 2.500 , 2.700 , 3.000 , 3.000 , 33.720 , -7.877 
126.000 ,114.000 ,120.000 ,132.000 ,138.000, 144.000 , 0.300 , 1.800 , 2.400 , 2.600 , 3.000 , 3.000 , 33.660 , -5.953 
132.000 ,114.000 ,120.000 ,126.000 ,138.000, 144.000 , 0.400 , 2.000 , 2.600 , 2.600 , 2.800 , 3.200 , 33.532 , -5.036 
138.000 ,114.000 ,120.000 ,126.000 ,132.000, 144.000 , 0.100 , 2.200 , 2.800 , 2.800 , 2.700 , 4.600 , 33.337 , -3.512 
144.000 ,114.000 ,120.000 ,126.000 ,132.000, 138.000 , 1.300 , 2.500 , 2.800 , 2.900 , 2.900 , 2.700 , 33.242 , -5.224 
115.000 ,121.000 ,127.000 ,133.000 ,139.000, 145.000 , 0.300 , 2.500 , 2.700 , 2.800 , 3.000 , 3.000 , 33.733 , -6.931 
121.000 ,115.000 ,127.000 ,133.000 ,139.000, 145.000 , 0.100 , 1.900 , 2.500 , 2.800 , 3.100 , 2.900 , 33.712 , -7.993 
127.000 ,115.000 ,121.000 ,133.000 ,139.000, 145.000 , 0.300 , 2.000 , 2.500 , 2.600 , 3.000 , 3.000 , 33.622 , -5.678 
133.000 ,115.000 ,121.000 ,127.000 ,139.000, 145.000 , 0.400 , 2.200 , 2.700 , 2.600 , 2.800 , 3.200 , 33.449 , -4.882 
139.000 ,115.000 ,121.000 ,127.000 ,133.000, 145.000 , 0.100 , 2.400 , 2.800 , 2.800 , 2.700 , 4.800 , 33.192 , -3.167 
145.000 ,115.000 ,121.000 ,127.000 ,133.000, 139.000 , 1.500 , 2.600 , 2.900 , 2.900 , 2.900 , 2.700 , 33.093 , -5.036 
116.000 ,122.000 ,128.000 ,134.000 ,140.000, 146.000 , 0.200 , 2.500 , 2.700 , 2.800 , 3.100 , 2.900 , 33.741 , -6.830 
122.000 ,116.000 ,128.000 ,134.000 ,140.000, 146.000 , 0.200 , 2.000 , 2.500 , 2.800 , 3.100 , 2.900 , 33.695 , -7.657 
128.000 ,116.000 ,122.000 ,134.000 ,140.000, 146.000 , 0.400 , 2.100 , 2.500 , 2.600 , 3.000 , 3.000 , 33.569 , -5.406 
134.000 ,116.000 ,122.000 ,128.000 ,140.000, 146.000 , 0.400 , 2.300 , 2.700 , 2.700 , 2.800 , 3.200 , 33.338 , -4.737 
140.000 ,116.000 ,122.000 ,128.000 ,134.000, 146.000 , 0.100 , 2.500 , 2.800 , 2.900 , 2.700 , 5.000 , 33.007 , -2.800 
146.000 ,116.000 ,122.000 ,128.000 ,134.000, 140.000 , 1.800 , 2.700 , 2.900 , 3.000 , 2.900 , 2.600 , 32.914 , -4.838 
117.000 ,123.000 ,129.000 ,135.000 ,141.000, 147.000 , 0.200 , 2.500 , 2.700 , 2.800 , 3.100 , 2.900 , 33.742 , -6.707 
123.000 ,117.000 ,129.000 ,135.000 ,141.000, 147.000 , 0.200 , 2.100 , 2.500 , 2.800 , 3.100 , 2.900 , 33.665 , -7.211 
129.000 ,117.000 ,123.000 ,135.000 ,141.000, 147.000 , 0.400 , 2.200 , 2.500 , 2.600 , 3.000 , 3.000 , 33.496 , -5.143 
135.000 ,117.000 ,123.000 ,129.000 ,141.000, 147.000 , 0.400 , 2.500 , 2.800 , 2.700 , 2.800 , 3.200 , 33.191 , -4.431 
141.000 ,117.000 ,123.000 ,129.000 ,135.000, 147.000 , 0.000 , 2.600 , 2.900 , 2.900 , 2.700 , 5.300 , 32.772 , -2.411 
147.000 ,117.000 ,123.000 ,129.000 ,135.000, 141.000 , 2.000 , 2.800 , 3.000 , 3.000 , 2.900 , 2.600 , 32.703 , -4.628 
118.000 ,124.000 ,130.000 ,136.000 ,142.000, 148.000 , 0.100 , 2.500 , 2.700 , 2.800 , 3.100 , 2.900 , 33.734 , -6.569 
124.000 ,118.000 ,130.000 ,136.000 ,142.000, 148.000 , 0.300 , 2.100 , 2.500 , 2.800 , 3.100 , 2.900 , 33.622 , -6.747 
130.000 ,118.000 ,124.000 ,136.000 ,142.000, 148.000 , 0.500 , 2.400 , 2.600 , 2.600 , 3.000 , 3.000 , 33.399 , -4.882 
136.000 ,118.000 ,124.000 ,130.000 ,142.000, 148.000 , 0.400 , 2.600 , 2.800 , 2.700 , 2.800 , 3.200 , 33.000 , -3.986 
142.000 ,118.000 ,124.000 ,130.000 ,136.000, 148.000 , 0.000 , 2.800 , 2.900 , 2.900 , 2.700 , 5.600 , 32.479 , -2.001 
148.000 ,118.000 ,124.000 ,130.000 ,136.000, 142.000 , 2.300 , 2.900 , 3.000 , 3.000 , 2.900 , 2.600 , 32.457 , -4.406 
119.000 ,125.000 ,131.000 ,137.000 ,143.000, 149.000 , 0.000 , 2.500 , 2.700 , 2.800 , 3.200 , 2.800 , 33.715 , -6.418 
125.000 ,119.000 ,131.000 ,137.000 ,143.000, 149.000 , 0.400 , 2.200 , 2.500 , 2.800 , 3.100 , 2.900 , 33.562 , -6.270 
131.000 ,119.000 ,125.000 ,137.000 ,143.000, 149.000 , 0.500 , 2.500 , 2.600 , 2.600 , 3.100 , 2.900 , 33.272 , -4.629 
137.000 ,119.000 ,125.000 ,131.000 ,143.000, 149.000 , 0.500 , 2.700 , 2.800 , 2.700 , 2.800 , 3.200 , 32.754 , -3.517 
143.000 ,119.000 ,125.000 ,131.000 ,137.000, 149.000 , 0.000 , 2.900 , 2.900 , 2.900 , 2.700 , 5.900 , 32.119 , -1.570 
149.000 ,119.000 ,125.000 ,131.000 ,137.000, 143.000 , 2.700 , 3.000 , 3.000 , 3.000 , 2.900 , 2.600 , 32.173 , -4.172 
120.000 ,126.000 ,132.000 ,138.000 ,144.000, 150.000 , 0.000 , 2.500 , 2.700 , 2.800 , 3.200 , 2.800 , 33.682 , -6.257 
126.000 ,120.000 ,132.000 ,138.000 ,144.000, 150.000 , 0.400 , 2.300 , 2.500 , 2.800 , 3.200 , 2.800 , 33.482 , -5.783 
132.000 ,120.000 ,126.000 ,138.000 ,144.000, 150.000 , 0.600 , 2.600 , 2.700 , 2.600 , 3.100 , 2.900 , 33.105 , -4.381 
138.000 ,120.000 ,126.000 ,132.000 ,144.000, 150.000 , 0.500 , 2.800 , 2.900 , 2.700 , 2.900 , 3.100 , 32.441 , -3.023 
144.000 ,120.000 ,126.000 ,132.000 ,138.000, 150.000 , 0.100 , 3.000 , 3.000 , 2.900 , 2.700 , 5.900 , 31.683 , -1.119 
150.000 ,120.000 ,126.000 ,132.000 ,138.000, 144.000 , 3.000 , 3.000 , 3.000 , 3.000 , 2.900 , 2.600 , 31.848 , -3.925 
